-3.287413179282223652e-01 1.306924080627647200e-02
-4.009813024275392657e-01 7.191857528048295478e-03
-6.208419457332858826e-01 2.713214069933478356e-02
-1.887806003345633421e-01 5.532712590272415021e-02
-3.350666215332376296e-02 1.283751157379242613e-02
-5.501075051140613681e-02 3.047847527026803505e-05
-3.971967440248214132e-02 3.310656071975337511e-04
-6.007306448263527443e-02 2.331827453860846333e-05
-6.317854739788630880e-02 3.382348117630940010e-05
-5.699138415775983901e-02 7.321835097595652542e-05
-4.827568776540802631e-02 6.178841423620795581e-05
-5.099264154279481431e-02 3.882975722380166417e-05
-5.543140655466727296e-02 6.511842615797291955e-06
-7.787652791711030531e-02 3.225569910769721105e-04
-7.319644357822108205e-02 5.951761378795161761e-04
-6.497897973571786778e-02 5.773166452138767113e-04
-7.221499918397400464e-02 1.339004117584252640e-05
-7.003321204276247158e-02 7.522242656321509457e-06
-7.155907337837286164e-02 7.393547412526402240e-06
-7.724826460798128736e-02 6.872003548430427600e-06
-6.901930143281820307e-02 1.325959238052121236e-05
-6.571293653661181011e-02 1.191950733803182061e-05
-6.609757788072201379e-02 9.010048203972331748e-06
-6.723175549671989160e-02 8.143035917118623956e-06
-7.465420510672293730e-02 8.347809610231848865e-06
-6.809884291128476264e-02 7.802906590859137737e-06
-7.047950720398121760e-02 8.099779254866490419e-06
-6.049723121107097867e-02 1.848704567430914381e-05
-7.125582185758139175e-02 5.135552196389170376e-06
-6.906319119427584141e-02 7.262539692742819852e-06
-7.197179273545684097e-02 7.612890286168294551e-06
-2.292635124722666173e+00 2.038491415728582723e-01
-6.951170940016115907e-02 6.808593384199923548e-06
-6.921709495788075373e-02 5.592724581227059844e-06
-6.863027787410658220e-02 7.126131099877142105e-06
-6.623476376224379791e-02 8.976817999606367948e-06
-6.976441897908713941e-02 5.413289304367907562e-06
-6.721823033720353280e-02 1.756140223552193902e-05
-6.922213586470604696e-02 5.609653622729027234e-06
-7.252961235461752310e-02 6.151091557882182315e-06
-6.927127002421551438e-02 9.488773496268976260e-06
-6.850642006720297772e-02 8.052246108558591686e-06
-7.016438553418646862e-02 6.059221860921226721e-06
-6.987953803500035477e-02 6.377520809675019109e-06
-6.948448130890350072e-02 8.580104623678863618e-06
-7.112009894775983554e-02 4.787849856136006110e-06
-6.844917345924095287e-02 8.796269148181323771e-06
-2.277195860814210437e+00 3.252014074124836007e-01
-7.335707368826183128e-02 5.296536572885202077e-06
-7.071136354541218694e-02 5.925475365486931878e-06
-7.228205009269883519e-02 3.423596934393202673e-06
-6.720207395008825912e-02 7.037402268705861275e-06
-7.337279134816787618e-02 4.259626816160988483e-06
-7.097398977031588174e-02 4.646305277855589111e-06
-6.913479999187321923e-02 4.485159547540362723e-06
-7.314296060659941645e-02 4.509264200258655819e-06
-6.491182559127883778e-02 1.036305208002019640e-05
-6.941805547198054427e-02 8.792923248623907284e-06
-7.095589695874471303e-02 3.822950180865092307e-06
-6.768514408880976774e-02 7.103197487756673922e-06
