-1.563561201992554217e+00 3.638734559848311179e-02
-3.103130669822116161e-01 1.297011597099384517e-02
-5.779753475976825428e-01 3.842200613290747135e-02
-1.431478305515430094e-01 3.070845222937101937e-03
-2.016440555918208588e-01 4.879018848015004295e-03
-1.181853740248901552e-01 1.640077566127162711e-03
-6.795705584911670982e-02 5.428865757559631078e-04
-4.850567687823437169e-02 1.658925099528474334e-03
-6.387301386160348926e-02 1.846043007072140085e-04
-4.764486798124112354e-02 5.907252805781304517e-04
-6.071339160319544348e-02 1.745454807000612618e-04
-4.408106094790653628e-02 9.541407276199009857e-04
-5.467362123572794275e-02 1.739263947495572893e-04
-5.034063570229729834e-02 3.073606523080751884e-04
-5.714992313763511689e-02 1.978418255488278987e-04
-4.894017780711701349e-02 3.933054368243649179e-04
-5.490193955338851239e-02 1.861656886807949718e-04
-5.815871186607823873e-02 1.369894995768561330e-04
-5.072879083256864874e-02 2.591342249398387310e-04
-5.554668023312991920e-02 1.961713652716134959e-04
-5.154900591652200603e-02 2.593726684347874567e-04
-5.194301242238186234e-02 2.709054094829355108e-04
-5.042795151107970497e-02 2.949880591138764885e-04
-5.630688583601273223e-02 1.359623233363471684e-04
-5.094413163078881368e-02 2.714248088229176403e-04
-6.353048743017142286e-02 8.507511463706762811e-05
-5.455244578198081840e-02 1.890377395017406315e-04
-5.453008255486535560e-02 2.314151046554080438e-04
-4.883592022016625123e-02 7.028312424637306322e-04
-5.718958383789329858e-02 9.200365213435368617e-05
-5.703642732411617899e-02 8.775561764307049373e-05
-5.930766099653972390e-02 7.518931161221154014e-05
-5.694384150541598189e-02 1.394880435636736138e-04
-5.286298111607612427e-02 2.124974833255244278e-04
-5.674322986122426471e-02 1.451724777257190624e-04
-5.902602515965327257e-02 9.461713312930442044e-05
-5.304203709476951190e-02 2.823722724603072720e-04
-5.134085953313238804e-02 2.191137390794573037e-04
-5.677851195851113530e-02 1.027043698824670059e-04
-6.512787168998457332e-02 2.853025523275043440e-05
-5.830176695796307484e-02 8.169467177787659296e-05
-6.116227084859948704e-02 4.777654072696257970e-05
-6.460114889722268217e-02 3.175900263419073610e-05
-6.357120076340549986e-02 4.241626886924976247e-05
-5.990343001874531836e-02 5.222252985070952036e-05
-6.080179912593530744e-02 6.321615498494637109e-05
-5.658226875030480940e-02 1.389983077868528483e-04
-6.060115396661291953e-02 5.656720059987740967e-05
-6.222118571171098012e-02 3.892130435945162503e-05
-6.344675939492683270e-02 5.517160458445857785e-05
-6.634643372501081160e-02 2.921105194486628420e-05
-6.370468801954043414e-02 4.146329526033554203e-05
-5.986968161070604921e-02 7.515722018025527973e-05
-5.394591691209082995e-02 1.852586138790801584e-04
-6.312982280816070713e-02 5.206012430525319701e-05
-6.931550322789181706e-02 1.613717547699344834e-05
-6.517472995583473150e-02 2.740276853585577044e-05
-6.054988173716990829e-02 6.799829122527967229e-05
-6.436280432603380675e-02 3.430443904739455263e-05
-6.102335385363044651e-02 5.329801433262559840e-05
