-3.399621515852018661e+00 7.569649794150157263e-02
-3.336112171850083463e+00 1.948879161704337726e-01
-3.367449125614172090e+00 3.045709880704605688e-02
-2.999302992131555712e+00 4.053288629715878777e-02
-2.594322290381715579e+00 1.168754576338137952e-03
-2.266264566824501170e+00 1.539106325891048677e-01
-2.307794767847682227e+00 1.346745237515125648e-01
-2.255340942131661475e+00 2.837740852745840314e-02
-2.175480530490405240e+00 6.602728718103190175e-03
-2.177738741337265971e+00 1.078755510128592832e-02
-2.175071333352672553e+00 1.434626783386194759e-02
-2.163083088936617493e+00 3.807283985024945139e-03
-2.159128251258496611e+00 7.571945542395042139e-04
-2.159270089096204881e+00 7.325224186396361858e-04
-2.158927420031409028e+00 1.906314429402033994e-03
-2.163661338026268588e+00 4.155749438686795472e-03
-2.162086100681118506e+00 1.968314861286568629e-03
-2.159715307488737857e+00 1.969951140567305359e-03
-2.161456116998843768e+00 2.246512736072681093e-03
-2.157621793438810887e+00 6.854999712280207547e-04
-3.081101104106503286e+00 2.440791156843329368e-01
-2.158572120736441668e+00 8.704120306737284096e-04
-2.157818902717560494e+00 1.007931572365450279e-03
-2.166473519736034969e+00 4.027955046457920574e-03
-3.107618132944521605e+00 1.794170809575963421e-01
-2.163105672952421621e+00 1.567541592715104848e-03
-2.159952021862867166e+00 2.512465067685099029e-03
-1.283120888260973036e+00 1.099137432740260323e-03
-1.283712955261070654e+00 1.603504458747551098e-02
-1.183436769137544253e+00 3.480944042672629024e-03
-1.169155761040677532e+00 2.249742730656922873e-03
-6.340999769920663276e-01 4.702989343935337629e-02
-4.429314528657601890e-01 3.368203190558705096e-02
-4.481965313301219389e-01 3.177750286844216454e-02
-4.924146364640336060e-01 5.539458821868059601e-02
-4.964623458255355004e-01 5.326952155091380092e-04
-5.040938147678897252e-02 2.303937509954168128e-02
-9.896823457992187656e-02 2.195383098784287057e-02
-7.985676097341087853e-02 2.047101140724261192e-02
-3.302981646846623320e-01 6.900290968685052206e-03
-2.558703524138485896e-01 2.675049406847929134e-03
-3.163841398861615417e-01 4.303594665333587699e-03
-2.670278350508774601e-01 2.866992290472047955e-03
-1.954735792543460526e-01 1.185673762554895205e-02
-3.820697740070846393e-01 1.015752749293241664e-02
-9.741107165958640124e-02 5.689983337302750854e-03
-3.794103345323813770e-01 9.159298187726871987e-03
-1.828510566932766146e-01 1.379841086136845973e-02
-2.731921193684834215e-01 1.493077231646156022e-02
-3.453158727934839689e-01 1.328971651499610829e-02
-2.614155925536727487e-01 1.161375758526084212e-02
-9.134228914394926235e-02 1.832426381846996577e-03
-1.007914075978089130e-01 1.425662623388834760e-03
-9.127339658755007079e-02 2.125829891883146416e-03
-8.078251576772776943e-02 3.041582471235759755e-03
-1.053516203280202568e-01 9.276667976498842449e-04
-9.617761077121578239e-02 1.327084276574908017e-03
-7.158333242195169532e-02 2.286041274446759530e-03
-9.941467953934735036e-02 1.072047885035676273e-03
-8.404285480142936748e-02 1.782676103063263184e-03
