-3.527485483064222826e+00 1.050337984143112635e-06
-3.382814594223695348e+00 5.239541648831469445e-02
-3.138533241900217430e+00 3.297146208595669314e-02
-3.115146435371495492e+00 4.780462202437063546e-02
-2.323126068897560348e+00 7.075114477296029492e-03
-2.292876944439364184e+00 5.790070854342133089e-03
-2.249763193346894674e+00 5.990186756803517198e-03
-2.227098533906672451e+00 3.506355825390938818e-03
-2.256198329919740342e+00 6.128397897920745407e-03
-2.151798389305024539e+00 8.187373321870694554e-04
-2.192522559582237740e+00 1.881244414567495582e-03
-2.178723350364137001e+00 1.058393142614022508e-02
-2.156615535678823470e+00 2.588453929833867129e-03
-2.140647746214200176e+00 3.426137572439813539e-04
-2.177197064765616030e+00 1.103380224511774088e-02
-2.225257280108831726e+00 2.168135063726994716e-02
-2.141242052283855557e+00 3.901863227924184940e-04
-2.140981431854395822e+00 2.450315966351368502e-04
-2.155422943530816760e+00 2.208747115327702737e-03
-3.302738692183416536e+00 8.707754516572197012e-02
-2.140710517187922157e+00 5.559084940904845951e-04
-2.455341836097364450e+00 4.316687792454976247e-03
-1.129678149423787747e+00 2.495034229363257694e-03
-8.839364307424903977e-01 2.019835649969659030e-03
-8.525829792704890941e-01 1.908886135077336732e-03
-3.438494910152520845e-01 1.913038838612446391e-02
-1.878868825384909513e-01 2.290747699725148578e-03
-1.127456162550171115e-01 3.284724587946374896e-04
-1.169398589185988158e-01 3.959607636665474217e-04
-1.358969903061675311e-01 3.392491177491852028e-04
-1.090431841331875873e-01 3.368823137068766016e-04
-1.004625648528172377e-01 5.270489384332499583e-04
-1.058396907446343960e-01 3.703061002249263822e-04
-1.727939336887707178e-01 8.081816897393956367e-04
-2.303716254567018673e-01 1.930268578101745902e-03
-1.902745521865392142e-01 1.694635734337257560e-03
-1.145857051016285766e-01 3.604691989287367448e-04
-1.193230080250580194e-01 3.028453681594989177e-04
-6.031660347483347451e-02 1.861004897021345528e-04
-9.491911294915045261e-02 2.209648373368011676e-04
-1.439299916624681153e-01 5.250946067918427218e-04
-2.344936096854270957e-01 2.489777726895070487e-03
-1.267781698204726304e-01 3.276441878257152496e-04
-1.658664151688373778e-01 1.110029059297801268e-03
-3.082331519587766522e-02 1.150508888820844788e-04
-2.700349024468184922e-02 2.163897091844724230e-04
-3.267033974442101751e-02 1.077803739151228513e-04
-3.227151455999299756e-02 8.206411593381091052e-05
-2.958718876483601434e-02 1.295532088314566010e-04
-3.130823767005397329e-02 1.124247481798512638e-04
-2.976800672271151527e-02 1.135851364035822542e-04
-2.820571764282542304e-02 1.445781282778391130e-04
-3.346490245620259429e-02 1.294094751513874542e-04
-3.301942734491492004e-02 1.823375406617699923e-04
-2.763675789275454875e-02 1.608673814954553194e-04
-3.149236911443864528e-02 1.021616166443362062e-04
-3.198123239591232903e-02 1.259101121524608402e-04
-3.472337905867295405e-02 1.120515570867119948e-04
-3.210879990878412471e-02 1.326639112653182906e-04
-3.927932213908125192e-02 8.861467118226329376e-05
