-3.879480928684398311e+00 4.675396255469088658e-04
-2.821272157244905543e+00 1.534078665065052860e-03
-2.744783105033854032e+00 6.908780221288157719e-03
-2.650272112652981793e+00 4.082910118215599127e-03
-3.028265317531400491e+00 4.502917934069516903e-02
-3.474594500960804577e+00 2.147992029555290117e-02
-2.928692999626417937e+00 5.294774443306504708e-03
-8.134855996725374183e-01 9.965120481048517220e-02
-3.075532543975958433e-01 3.342964065578435395e-03
-1.962212567754262338e-02 6.937857170907379967e-02
-2.617420831677241821e-02 1.825277390661717014e-02
-1.040774403835387218e-02 1.542009340593741840e-02
-1.244317173327091908e-02 2.353315755868390369e-02
-1.216167543846453647e-01 1.648721492007965139e-02
-1.184831254975327042e-01 9.868811460293613891e-03
-1.655052621773300814e-01 1.514809318282450690e-02
-2.283651634400047925e-01 1.975882758193536759e-02
-1.830091387181731477e-02 1.458410789395347962e-03
-1.461006063899850105e-02 2.044865317285982087e-03
-7.264996138381452084e-02 1.445395761221934805e-03
-6.059279348961954526e-02 1.799931134650378795e-03
-6.596187158485511404e-02 1.674546642968621768e-03
-6.957187323388414057e-02 1.393105859882837194e-03
-4.936984165228386345e-02 2.596144992883520075e-03
-6.498943013152658210e-02 1.396422243508332883e-03
-3.834899117085033282e-02 1.052745377785324621e-04
-4.072121458157740292e-02 1.328462217311532356e-04
-4.321804577384069646e-02 8.141619875257077865e-05
-3.268627846937599557e-02 7.254318148408600564e-05
-3.307881244271415611e-02 6.409045004174274140e-05
-3.279890229550552760e-02 5.300400330732202292e-05
-3.076182393578674734e-02 1.115778116598242775e-04
-2.844828317055725364e-02 1.221941148430438773e-04
-3.078479160455760422e-02 7.554940822762645780e-05
-3.106876796727275902e-02 5.139016135968788035e-05
-2.861856795322426095e-02 2.151418701505924957e-04
-3.165919255249827202e-02 5.014986955487188425e-05
-3.243923475262944223e-02 9.549003267306233056e-05
-3.177576753367006290e-02 8.383972418712914987e-05
-3.295449989333087970e-02 6.265666384930312915e-05
-3.521385706625057566e-02 2.577990326591006465e-05
-3.417925163388657595e-02 3.394160057035300326e-05
-3.431115371433346439e-02 3.945290811291357613e-05
-3.374382422553034999e-02 6.795142819981947468e-05
-3.307313945018020007e-02 5.428863185974464045e-05
-3.475303166394771992e-02 3.282529874271133963e-05
-3.573098182277334445e-02 2.615658740356963108e-05
-3.538298507358650369e-02 3.058948805145789152e-05
-3.498480721234242807e-02 4.351992598117249145e-05
-3.484930656502793767e-02 3.930017827702414479e-05
-3.305504034653772294e-02 7.330334512456460061e-05
-3.335077182727852474e-02 6.678287731443077746e-05
-3.240299500266319299e-02 7.351023327939465446e-05
-3.383788299990531101e-02 4.543002103440940687e-05
-3.378644535927355363e-02 5.415577646150637747e-05
-3.202150391830693721e-02 1.190271195743441979e-04
-3.371975642706548371e-02 6.021050472737599080e-05
-3.332984774384328830e-02 7.446313201331378195e-05
-3.415077080060457959e-02 5.638635780691458876e-05
-3.510098252571980382e-02 2.759940948671157912e-05
