-3.579573208959936359e+00 4.928259184392613790e-02
-3.665222580529881036e+00 1.308102265751553972e-02
-3.555675981374215588e+00 4.393626239808989808e-02
-3.237591754998859095e+00 1.105481561012866543e-02
-2.457490933197953087e+00 1.168758193563079750e-02
-2.459906088058919416e+00 2.504539343984113486e-02
-2.365729027955479680e+00 5.836403124555022970e-04
-1.767980533760722395e+00 1.725836849364004166e-03
-1.844772367730924456e+00 4.773340753970556349e-02
-9.256841016243626541e-01 9.560386939812937079e-02
-6.408335071346824563e-01 4.172049266504229692e-02
-6.536782572795583057e-01 4.942411358274556576e-02
-8.911478860701071980e-02 7.347980514913921013e-03
-7.640121600797966650e-02 1.000927452888555891e-02
-6.637616543309432515e-02 6.871052452522175003e-03
-7.300434007840861383e-02 3.952091491279841051e-03
-5.725875228082877300e-02 1.122606997245778615e-02
-1.681569657149859509e-01 2.268990516612934272e-02
-1.524851360890373542e-01 1.077142969593580801e-02
-6.027197764661540447e-02 6.310037980086224962e-03
-4.115054232245762833e-02 1.091325213627314383e-03
-2.616460747873494697e-02 2.043395183932261716e-03
-3.817701104139992196e-02 6.829700698203211573e-04
-3.168985372689414604e-02 8.037094079877959985e-04
-3.902159929545323536e-02 2.233555815838172975e-04
-3.474490780209471552e-02 7.680227034012609977e-04
-3.183021789664897128e-02 9.568717667334247778e-04
-2.515432375353565675e-02 1.278431160676385403e-03
-3.632247659441789622e-02 2.988592721808736030e-04
-3.742503666409113805e-02 2.172232662558393201e-04
-3.325433543221567589e-02 4.943778796402398257e-04
-3.457786239417792729e-02 3.468608131904638014e-04
-3.568857063682928654e-02 3.527218143575261422e-04
-3.786277077845667804e-02 1.538575293467125960e-04
-3.604962904082942288e-02 4.033526043127899641e-04
-3.456076581722200558e-02 5.303319877691947681e-04
-3.546037325640671867e-02 3.505554543661304479e-04
-3.495264304922862664e-02 4.706358098167662263e-04
-3.759684731390144918e-02 2.540202253760170947e-04
-3.491119957311505928e-02 4.334202859870295299e-04
-3.419730408095622565e-02 4.105720130036516480e-04
-3.609295924654354337e-02 4.183347721804508978e-04
-3.720664098681591980e-02 2.463991733168136022e-04
-3.455502752199235417e-02 3.558610463283429226e-04
-3.759877239882936095e-02 1.672859111159219481e-04
-3.884962917624035228e-02 1.012578960071230938e-04
-3.554577885667509207e-02 3.153054006892475059e-04
-3.710462980069539896e-02 2.284426784968651702e-04
-3.713614028306722048e-02 3.272606330000371599e-04
-3.405722890974960393e-02 4.228021547882931941e-04
-3.618144949019930223e-02 2.815602064774047619e-04
-3.477326437599925768e-02 4.310608463735654539e-04
-3.660163265654903242e-02 1.616765570697786814e-04
-3.587747586121547982e-02 3.278136822135735429e-04
-3.576174344272642358e-02 2.542145910788828900e-04
-3.618845899000744382e-02 2.600522348155109853e-04
-3.744888758953290875e-02 1.191596885723456012e-04
-3.619828555565307582e-02 2.890705058327114330e-04
-3.767994870909330274e-02 1.053808635567143881e-04
-3.441473491900159942e-02 4.733372530791868371e-04
