-3.360798032601691965e+00 8.182878325045361834e-02
-7.069630823492318861e+00 1.236569729950224961e+00
-3.237160879140978054e+00 1.765333176983974184e-02
-1.714760423494643415e+00 8.946796647901766875e-02
-1.968537473819749861e+00 5.086063930462181304e-02
-2.821060902968421491e+00 8.339917885178671497e-02
-1.464571540390655402e+00 7.515313588827643443e-02
-8.934415405212243755e-01 6.502690715585535131e-02
-8.178905522842345732e-01 8.514942917341450368e-02
-1.079794235839647509e+00 6.874901872564942451e-02
-5.533874796215179082e-01 2.899132420323802251e-02
-4.445085251915941171e-01 7.015921608336705972e-02
-5.765129376049893395e-02 3.778261293830631473e-03
-4.006489319681927341e-02 1.580759433276845982e-03
-1.879062064915690833e-01 8.372544824180483403e-03
-5.281023765486558830e-03 1.083655641816338999e-02
-3.085300338729091152e-02 3.046984401469110537e-04
-2.224705987747110925e-02 1.057967761165290455e-03
-3.093989440964994841e-02 3.232989936257091301e-04
-3.061812111397266278e-02 2.694686560253956031e-04
-3.075920141066523783e-02 6.266324024322145192e-04
-3.223920422728721036e-02 2.003722624772663607e-04
-1.544331989627822921e-02 1.048413544243009810e-03
-3.166605750804407649e-02 1.848082040623033606e-04
-3.188481282530197802e-02 2.143406223078514472e-04
-3.224127383936625790e-02 2.578063655458429082e-04
-2.986553360818078318e-02 2.851536790142716882e-04
-3.524157489313051173e-02 1.947007085982832564e-04
-3.099557341737124716e-02 3.563175587264488797e-04
-3.207300908308763354e-02 2.089753190679388695e-04
-2.776120325076947282e-02 4.413752548653171459e-04
-2.872581920984762505e-02 4.467955959368552499e-04
-6.913100576165565059e-03 2.984594576340704464e-03
-4.931482132927023088e-02 3.295837592927064463e-04
-4.923278316618873163e-02 1.058269757474583628e-03
-5.974461961617461014e-02 5.387222965200777480e-04
-5.892266878447482981e-02 5.114078097885332852e-04
-4.312168219310930084e-02 1.714547429303436843e-03
-5.461614761367972193e-02 6.563205983232123231e-04
-6.608791207467890061e-02 4.090707586938968632e-04
-5.555641609859707231e-02 4.760994528711925966e-04
-4.814555368447059891e-02 8.642490540657910003e-04
-5.334467141553478342e-02 4.675616462184173372e-04
-6.630179739846786546e-02 3.983659957329521717e-04
-5.030178890479941600e-02 8.337100977171552074e-04
-5.036317345890184427e-02 5.977446768459238058e-04
-5.814235142197254902e-02 3.964985903315287885e-04
-5.344295844766300263e-02 7.068288798297572839e-04
-5.912245839016927462e-02 4.639115333580079437e-04
-5.793985882199104154e-02 4.903158666755835782e-04
-5.086057119203601928e-02 5.359403960820685597e-04
-5.745072588188193663e-02 1.650632524694550796e-04
-5.792611628232302579e-02 2.026905379168830734e-04
-5.617783087415917365e-02 2.963374754694214630e-04
-5.712441800926937319e-02 1.567798424888522391e-04
-5.632254766615485408e-02 2.246103579586211652e-04
-5.717631637557518687e-02 2.172555344523985354e-04
-5.709703523347187115e-02 1.912935714671881726e-04
-5.663050552209503152e-02 1.998781213927713907e-04
-5.711564940871927121e-02 2.010838046513363508e-04
