-3.524044044400981956e+00 1.764075920699559319e-02
-3.542695888708201402e+00 1.439364519531149966e-02
-2.486512654528235444e+00 3.019053226692141045e-01
-3.469104678033616551e+00 6.779290523817382841e-02
-4.310890695921239413e+00 9.125758106217141119e-02
-2.456179280217862804e+00 7.359599338259581458e-03
-2.377783286358698511e+00 4.804831717465840590e-02
-2.297511965380933940e+00 3.221957833069444277e-03
-2.273564726850296758e+00 1.188714784509325995e-03
-2.304397295378012522e+00 8.353598348243673755e-03
-2.181730605072967233e+00 9.029674603518333953e-03
-2.129656840762454539e+00 2.015646396282821939e-04
-2.130096580999805145e+00 1.865322007148506600e-04
-2.131442500995785139e+00 6.246850586943963890e-05
-2.137204848143582581e+00 1.084094666557566811e-03
-2.129653298994543587e+00 1.720603014150334786e-04
-2.634262843139985932e+00 1.131023779774742444e-02
-2.129979707670314415e+00 9.596502207265267259e-05
-2.712096846714364240e+00 2.036653379697495048e-02
-2.773869365490002625e+00 2.792158881119810587e-02
-2.129820942134341255e+00 2.107182509045735230e-04
-9.292907661412903586e-01 2.937414791714942908e-03
-9.075263264136150809e-01 4.098216028584733550e-03
-9.813449708248964676e-01 7.051979281263776045e-03
-9.094508897045638918e-01 4.053821708367433274e-03
-9.109968582633238832e-01 2.281725152646796317e-03
-2.483161027190639025e-01 4.785388207612228939e-02
-1.009178953520804001e-01 6.697926424533306999e-02
-1.828974532768112837e-02 2.231597708391475088e-02
-1.649137111651817200e-01 6.555446702576128715e-02
-8.107907674855985292e-02 1.237003827396332412e-03
-2.435541378872199125e-01 1.091853199632235594e-01
-3.960844714953992707e-02 1.881707543037958175e-03
-4.294817906507519822e-02 2.621147011292457307e-03
-5.382450142190808862e-02 1.066950448436188026e-03
-4.736618742716114383e-02 2.911778853403212963e-03
-3.515124774234079652e-02 1.707173486581226030e-03
-4.758294586844780127e-02 2.269600887271128187e-03
-3.637956537567621496e-02 2.340879504841186787e-03
-6.953638548822871357e-02 1.288651692126663306e-03
-6.255433917890229623e-02 1.438674064551115350e-03
-7.413363105799541941e-02 7.662005036865870977e-04
-4.400113247849990472e-02 4.596188252718569345e-03
-7.558445262915158835e-02 1.172624738436933711e-03
-8.170384622055015811e-02 1.117043177290000244e-05
-8.967921573938308910e-02 1.365980262280075408e-05
-7.034317038924564613e-02 1.757778816813271305e-05
-6.507784081296685841e-02 2.603397815592600750e-05
-7.919371678798947656e-02 1.778717840883459189e-05
-7.965918072138844508e-02 1.172512264924208125e-05
-8.687569525470140164e-02 1.642182513350576301e-05
-6.774615111140613877e-02 1.980333666029565620e-05
-7.201936624785254537e-02 2.059940342791222179e-05
-4.709830518062618765e-02 1.182928394487525736e-04
-7.518322495725149324e-02 1.424438196995225780e-05
-7.890824728890688533e-02 1.437667663806152518e-05
-7.193793587472629980e-02 1.754200340808864667e-05
-6.351833979065801827e-02 1.755770284761482003e-05
-8.809022868005778051e-02 1.999428520260693176e-05
-7.523356059430419407e-02 1.345793079643442525e-05
