-3.560170644785049632e+00 6.724432220886478184e-02
-3.250640290427342372e+00 4.893400092443211946e-03
-2.595303385330857360e+00 2.529568904433276977e-02
-2.851047706056087705e+00 1.040655406859691823e-02
-2.569874457693309022e+00 6.225692415246220079e-02
-2.560075973145397477e+00 1.661434610818028901e-01
-2.199155279862729628e+00 1.926038958452100935e-01
-2.925421315164569158e+00 2.325893001565173535e-01
-4.754064936975359146e+00 1.560558106076532781e+00
-2.146063035777764139e+00 1.030390454643985709e-01
-2.150990159143299163e+00 6.305444714013397345e-02
-2.009750200270560949e+00 1.606762102770664669e-03
-2.147339444885357551e+00 3.498890009650645894e-03
-9.586705761217571009e-01 4.466480273559754188e-01
-2.031718138389968509e-01 1.618316667193475666e-02
-1.901154361420647199e-01 9.981221025473718811e-03
-1.392350534564856801e-01 1.437424192910707887e-03
-2.022975858611526512e-01 1.223673580508677361e-03
-1.518143773965054955e-01 1.616556015704873062e-03
-1.462737953773158850e-01 8.076825274483390160e-04
-8.628936472461656848e-02 3.750865488203469766e-04
-7.889484180954564607e-02 2.314652915984538595e-04
-8.840568858965003329e-02 1.045297724169280684e-04
-8.811069427309670132e-02 1.511880158711065292e-04
-7.963248212913942581e-02 2.114132761112941239e-04
-7.605095201359945989e-02 1.832075011574119117e-04
-6.671890531386104328e-02 5.408680811989086124e-04
-5.797061151013815916e-02 6.425969238348372414e-04
-6.801121637857887592e-02 7.881995595138135968e-04
-8.683215600901794673e-02 1.242345909955311356e-04
-8.278100924958620155e-02 2.321570649859161506e-04
-2.135856368528815441e+00 1.535779521902336242e-02
-7.426726828719987239e-02 4.434073204464539231e-04
-7.200731162668994045e-02 4.386571533609995299e-04
-7.824986003279477131e-02 2.656824724578399355e-04
-5.523212292528700829e-02 8.850497797701084579e-04
-8.390291491496659759e-02 2.971311612771643240e-04
-7.880250867011096005e-02 3.170184199126069302e-04
-7.762765901804868918e-02 3.263992131405935027e-04
-8.321717695503361156e-02 2.378043211068714413e-04
-7.774692107492109372e-02 2.557729551457832429e-04
-7.866091931258534231e-02 2.075207170197934659e-04
-7.020053468772280425e-02 5.803534886692496286e-04
-8.115150486442423983e-02 2.428225358759306118e-04
-6.273816138303445200e-02 7.116494473389245456e-04
-7.988750792564447423e-02 1.929053701414940036e-04
-3.956799449930326062e-02 3.016043713652827307e-04
-3.627526851898688065e-02 4.325266000027028213e-06
-3.901146363397067773e-02 3.324486485212219122e-06
-3.105755131065279784e-02 6.697975997393967873e-06
-3.930802069240524332e-02 1.519457682785940733e-06
-3.093916398892426756e-02 6.482237629779064036e-06
-3.685689776287226493e-02 1.172636545199168268e-06
-3.261216602577432511e-02 3.019878317189750305e-06
-3.759835890853668872e-02 9.636782904998142385e-07
-3.333535961217171106e-02 1.690775573548464195e-06
-3.502162419321575015e-02 1.080188535507176084e-06
-3.523867417421255865e-02 1.024705200691755635e-06
-3.646590014085937526e-02 9.738667983150151031e-07
-3.610541197419792070e-02 9.406903416220302461e-07
