-3.527502180407755539e+00 1.009999121226456964e-06
-3.466553897806787354e+00 2.268850607267292041e-02
-2.852347792160575324e+00 2.909555620828130351e-01
-2.711351580489551161e+00 9.954749249776684294e-03
-2.258008658515540112e+00 3.585697664395026685e-02
-2.240741976408601399e+00 4.175941545272010558e-03
-2.197519888411874067e+00 1.134273375411165574e-03
-2.198348161681475510e+00 2.881744337508429510e-03
-2.204698195015112105e+00 1.546273978052958853e-03
-2.180489598762171966e+00 8.496388538294930015e-04
-2.174652042161558274e+00 1.004664542309408048e-03
-2.139698121979761503e+00 1.415085702362302023e-01
-2.186115985263998862e+00 4.822199023677420371e-04
-2.141851280884053299e+00 1.553894681762280072e-02
-2.155096874206769542e+00 3.592277952376932149e-03
-2.182277400793817268e+00 6.581901015174640435e-04
-2.196679769707579943e+00 3.308289725691970773e-04
-2.196274145025675306e+00 3.492737263117717816e-04
-2.177676364604638426e+00 1.105019431999032520e-03
-2.208976595142537747e+00 1.857276954424502691e-04
-2.162827051932546762e+00 2.226077471667586849e-03
-2.142902072049317930e+00 8.048806220755766461e-03
-2.208260168188063588e+00 2.466300034740243063e-04
-2.189676170167153657e+00 5.950097883973270996e-04
-2.185670414488162017e+00 3.156952081755370898e-04
-2.179370009639783223e+00 5.409436598111660999e-04
-2.189354229706202748e+00 3.866394662150884898e-04
-2.175860256341950016e+00 5.330883353160675853e-04
-2.173219194460787040e+00 9.919488903813444836e-04
-3.553479060005702905e+00 2.111522772776821544e-01
-2.168365300220169711e+00 9.820976284498073028e-04
-7.817526580950069359e-01 4.271030368512729325e-03
-1.041914564089164941e+00 3.548731443322283852e-02
-1.845879451723493325e-01 2.323615161524905659e-03
-1.418168229386989054e-01 1.576795198112712626e-02
-6.326349427591848595e-02 5.044507944687470768e-03
-4.009892553437044427e-02 9.004164117230040176e-04
-2.794449212209659805e-02 1.004182126068453584e-03
-9.522263208443559890e-02 4.341618449088535669e-03
-6.634463376571941851e-02 2.669956932374040193e-03
-6.778404522943537458e-02 3.072652618641757982e-03
-1.056263946936537579e-01 2.170935049972566588e-03
-6.027464709341856519e-02 3.082759113232746984e-03
-7.475249382947479759e-02 1.788891743692566649e-03
-6.799587593702005606e-02 2.584708468209129251e-03
-6.240476263914462862e-02 3.175804484544908490e-03
-7.405478016824540433e-02 1.126048446446148432e-03
-7.948618751535407867e-02 1.244502174817530005e-03
-7.489706717872834929e-02 1.471095844187697566e-03
-7.618776190279197280e-02 1.148308718044166454e-03
-1.362887971276656174e-01 1.111178017592751033e-03
-2.135994991251150665e+00 3.529755383827382076e-02
-1.160716849447092081e-01 1.656463171308963922e-03
-1.450452285734105118e-01 2.381390536899452570e-03
-1.509622892701778518e-01 1.240128917251670515e-03
-1.204370242053243167e-01 2.813072586009823794e-03
-1.091001306437320295e-01 1.951151806418138790e-03
-1.325806044187340937e-01 1.939475770627918649e-03
-1.077114942354917559e-01 2.370706858128457384e-03
-1.355888971625165418e-01 2.526457134898851820e-03
