-3.555690924368364758e+00 1.948777263730683273e-02
-2.381914682970350583e+00 3.553500985502555665e-04
-1.975905180445322484e+00 3.295233098831018559e-02
-1.478596880805104652e+00 8.307880576762016744e-02
-1.003415026124748088e+00 1.125327799376556470e-01
-4.869555547386941186e-01 1.702313062957117040e-02
-1.653595575200612622e-01 2.456841547347554666e-02
-6.209424782805772480e-02 3.497042117909465730e-03
-1.653185019154261859e-01 2.270696317498765993e-02
-2.117430717476733726e-01 1.525015820846320480e-02
-6.769124162206024309e+00 3.310320199636804350e+00
-1.568640514432795285e-02 5.222009426439910840e-04
-1.981984220717825096e-02 7.004817524860484923e-04
-1.451453519467049702e-02 1.467374385789366187e-03
-1.618789343782989221e-02 9.521253343085511744e-04
-2.257355801044758081e-02 5.133660907805648321e-04
-2.124379986021773803e-02 1.455109430086753974e-03
-2.497634808690651909e-02 3.170258482860788263e-04
-2.268245435129490062e-02 7.604721306795347857e-04
-2.357526647953189780e-02 1.396728079592790550e-03
-2.562342998221822654e-02 8.548630717517546884e-04
-2.756196036001767879e-02 6.161114225617936313e-04
-2.793127370810077892e-02 3.117123318014947131e-04
-2.871470287900557139e-02 1.506164301997792165e-03
-2.893978233197236349e-02 3.158702400045676484e-04
-2.967757059726139346e-02 2.057034545575042728e-04
-2.957233090744004755e-02 3.874047306533512369e-04
-2.965970570565490405e-02 9.528897288131332743e-04
-3.297344703678204425e-01 6.779633527105310975e-02
-5.147845472609224871e-02 4.835981178463732988e-04
-7.970523044582522587e-02 5.291939745433182907e-04
-6.015455981299000499e-02 3.854115571644278759e-04
-6.041007994746472320e-02 4.618711196124891671e-04
-7.744990572981835797e-02 4.831261854350010765e-04
-6.786445188731171640e-02 4.032682549666155580e-04
-4.730629433901389902e-02 2.650177395824293569e-04
-8.255144755194354644e-02 6.148687816924791605e-04
-8.795079124705695861e-02 7.178569742558593703e-04
-4.781640781123286388e-02 2.348495044288689826e-04
-5.444935603668543678e-02 3.673906744015020820e-04
-8.513095810209758696e-02 5.199198426053541766e-04
-5.338775859172129046e-02 2.783376601365183944e-04
-8.329127603298713822e-02 4.897031971800025474e-04
-5.888009010971106960e-02 3.066891040011121561e-04
-6.206016478835563177e-02 3.179417919687566041e-04
-5.788943880749419790e-02 3.295139174217531775e-04
-4.080702805299241120e-02 8.293107829526746855e-05
-6.654307737407272327e-02 1.768367796675107684e-04
-6.113107501796832821e-02 1.344927705830833986e-04
-6.591285091585330491e-02 1.853955289723430155e-04
-5.705842446391429235e-02 1.634744023952805492e-04
-7.443714000159573629e-02 2.498228663516677273e-04
-5.346535659482753999e-02 1.319771984373829810e-04
-5.261228672195050748e-02 1.101898814903634616e-04
-5.833960938242377381e-02 2.244464766416598422e-04
-4.564586375958246123e-02 9.381874335723239255e-05
-5.281830371951379277e-02 1.214415004948676824e-04
-7.163541425088215675e-02 1.724816686157204515e-04
-5.281754982034936319e-02 1.733759181417049433e-04
-5.073105040513015140e-02 1.200632583180372137e-04
