-1.513291342325278510e+00 5.252605203505034126e-02
-3.829583804647294087e-01 1.064618629823677054e-02
-9.019476893957691921e-01 5.095266361606132222e-02
-1.803243612636906690e-01 3.197328139494803878e-04
-2.454889721046216167e-02 1.374593730023576654e-03
-3.292096740914018937e-03 5.799819514453741220e-04
-1.033656491992136495e-01 8.980316148900158169e-03
-2.853780665247418469e-02 4.935301628030686061e-04
-1.016237454567279208e-01 1.734883280611665413e-03
-2.835773846764277906e-02 1.886487479429987957e-04
-2.667581893716741703e-02 2.298298325027481326e-04
-3.972942858689743062e-02 9.351297251347645556e-05
-2.623025331032513563e-02 2.067195721493497729e-04
-2.766648661482529192e-02 1.704508251156866550e-04
-2.830464733185689141e-02 2.625873563060210358e-04
-3.564886848904569305e-02 1.720039767194592173e-04
-3.560725592040236975e-02 1.050622769027675929e-04
-2.916974996836785294e-02 1.788778565976478774e-04
-3.245572520777395553e-02 1.338168519371407683e-04
-3.471261474206555064e-02 9.971891479931827007e-05
-2.362915922652606415e+00 4.003467236867788159e-01
-3.128800182182711609e-02 1.676355000821416752e-04
-3.135915252750098858e-02 1.781712109019117918e-04
-3.086877487467765135e-02 1.049139744111471373e-04
-3.346099341791886062e-02 8.456682016166894300e-05
-3.430303350150998298e-02 7.676634762932010858e-05
-3.240857786162143483e-02 1.372787550018017555e-04
-3.549714615238874771e-02 9.885933232345323063e-05
-2.901399420477002167e-02 1.416230736484003216e-04
-2.347914159418767355e+00 2.884917367972188451e-01
-3.011455120792261297e-02 2.960669757587908180e-04
-3.579996035107413377e-02 5.504626074825935689e-05
-3.861495651245094862e-02 3.067954507907089123e-05
-3.540507192381392443e-02 1.099613103057173191e-04
-3.701085995681419050e-02 5.061120892113635250e-05
-3.746922975854793947e-02 6.214403024706882661e-05
-3.703617087073762804e-02 4.558909416285672478e-05
-3.673595927906392333e-02 5.022135989030118708e-05
-3.639495350582855338e-02 9.241139033866474506e-05
-3.700224489930992178e-02 6.115445661736274019e-05
-3.687088440116248478e-02 1.789447786713083133e-04
-3.705924195795429199e-02 9.267076487429193321e-05
-3.768967878641493741e-02 4.090432984771297242e-05
-3.768081975288817276e-02 7.336218777576064554e-05
-3.594105369441624731e-02 6.500213258009424067e-05
-3.629765469242940412e-02 4.254253175739464155e-05
-3.590847336459424000e-02 6.063272873380043393e-05
-3.588142706286712169e-02 6.515600481904471053e-05
-3.622457795482070253e-02 3.259357726781431097e-05
-3.561203482751551519e-02 8.147735323005278474e-05
-3.589729728939294873e-02 4.569466283355083647e-05
-3.609669917126501204e-02 4.625824829673774730e-05
-3.610847085024859737e-02 4.050317364079347726e-05
-3.558842438420350973e-02 1.219049359857393711e-04
-3.538514700717954042e-02 1.150037036334872198e-04
-3.409266833360646842e-02 5.563541372533009621e-05
-3.414412554719037374e-02 3.667515451355463085e-05
-3.423897012478027690e-02 4.487425714883030992e-05
-3.439776906601554884e-02 7.923142107735259287e-05
-3.498351356655060584e-02 1.517652722875517668e-04
