-5.455487955880293782e+00 1.350243080104830851e+00
-3.455246341807485244e+00 1.567292448290746876e-02
-3.544252652941466852e+00 2.104102418561715204e-02
-3.431985894173513074e+00 1.616346725508299720e-02
-2.641973052070923700e+00 8.018380173258954358e-02
-2.834070154726366475e+00 8.552748487003380973e-03
-2.995044562315936965e+00 1.428112386724715854e-01
-2.702051727515510926e+00 2.941884647884140946e-03
-2.653446350718394520e+00 9.938411243841649423e-04
-1.701119950318514817e+00 7.911813708661341593e-03
-2.813773778488549926e+00 2.556160387415866708e-01
-1.252631424875969790e+00 5.235197982256512006e-02
-4.962062230026438314e-01 2.389949858611029043e-02
-1.453769369593871374e-01 1.407472867498205105e-03
-1.062008190468857194e-01 6.722427414096898701e-03
-1.917592660010054573e-01 4.178081605595629355e-03
-3.864548290897507066e-01 1.306494491026821692e-03
-2.971902717810732675e-01 7.624149628768783771e-04
-5.553140626467598651e-01 2.623989556234107567e-03
-2.707489047563664819e-01 7.608392188420687319e-04
-2.829782350928038426e-01 4.988418852638343282e-04
-2.625083114303956577e-01 9.085295863708875430e-03
-2.368803958539893451e-01 1.006180847840809633e-02
-2.963703755983653210e-01 8.209811120974741527e-03
-2.077757560257857961e-01 9.296527922967090518e-03
-2.536547159576896249e-01 7.506311297811762984e-03
-3.273555364432465531e-01 9.315982959428037447e-03
-2.785837233555623627e-01 1.407098639989001754e-02
-8.831100663547442053e-02 1.758413574379780187e-04
-9.530663002981665244e-02 3.120427399991854145e-04
-8.410109569267643082e-02 2.884817109478632347e-04
-5.733960670548032823e-02 9.111806815926826175e-04
-7.424061320391661667e-02 5.513245350932116651e-04
-7.353224864090535107e-02 3.526703543421660925e-04
-7.361109036646240611e-02 5.639625002658021913e-04
-8.966780190898671066e-02 2.622581243190147404e-04
-7.599062642688858560e-02 3.098169047790477748e-04
-8.381779473528805369e-02 3.510316897847864936e-04
-7.821278843645762535e-02 3.212767090459145436e-04
-7.965484910353115566e-02 2.674941337033054367e-04
-5.981699182103739076e-02 1.016308559314893500e-03
-8.467611793103513307e-02 2.459632578624137977e-04
-7.972055076692052822e-02 3.087759564701642034e-04
-6.768678539759998003e-02 5.349185421374968996e-04
-7.238310209644627236e-02 4.476084244733335993e-04
-8.609569513300741050e-02 1.718208574144064471e-04
-8.687840491699638790e-02 2.864582557515760186e-04
-8.169240700723623405e-02 3.689874407419857505e-04
-6.892334275407652200e-02 3.884325586425152466e-04
-6.399205264098872803e-02 9.030200203596905340e-04
-7.307401777320565728e-02 3.389653107179757541e-04
-7.785408295708462489e-02 3.612116977049772970e-04
-5.555425213636322468e-02 8.220217262913109835e-04
-7.824180731340968364e-02 4.824396581661893890e-04
-3.410305414568215454e-02 1.197215941987739285e-03
-4.801534928436623773e-02 6.444334828223929890e-04
-2.341081008372869476e-02 3.578170604328079207e-04
-2.368306014589727226e-02 4.195118544905174218e-04
-2.386920993077179531e-02 4.321640977058560651e-04
-2.562106335217029240e-02 8.541614424522059323e-04
