-1.301912019499690265e+00 2.884873170854018731e-02
-2.804969132222558947e-01 1.022524483472930790e-02
-1.087603086761160576e+00 7.401495757236187245e-02
-1.507401974598385763e-01 6.329005281400235106e-04
-4.565513208829630187e-02 1.243329158339356866e-03
-8.366231694540138264e-02 5.268117216217227394e-04
-4.312446138730008371e-02 1.210683082448760217e-03
-5.843568425477485562e-02 3.897963683932026413e-04
-5.142257494815538621e-02 7.218877303691861869e-04
-2.118308927772232231e-01 9.393629077898424384e-03
-1.643169880382933101e-02 1.717897919144562024e-04
-1.641291494461771805e-02 1.328716336273849663e-03
-2.215945693840781772e-02 5.534282091557152228e-05
-3.464200447076137834e-02 7.821031659949184700e-05
-2.155403785019194274e-02 5.510070314995729746e-05
-1.312416891486201109e-02 9.464218316956873878e-05
-1.344465664951188799e-02 5.098208868883347122e-04
-1.328276387654225843e-02 4.199822136277120421e-04
-1.326631001569333890e-02 1.063899733830808714e-04
-1.312315615607539954e-02 6.204132405640550019e-05
-1.353693880851292164e-02 1.397697086829019497e-04
-1.257267023070252066e-02 8.142282740841721989e-05
-1.346181720544903371e-02 1.282523281660452596e-04
-1.267861103581724436e-02 5.873590687199836680e-05
-1.348654761778567135e-02 1.588063826774011034e-04
-1.343843705786929021e-02 1.042934615371748919e-04
-1.302525800520726307e-02 8.997422488610240521e-05
-1.356079394346876299e-02 1.906369936968133061e-04
-1.335379081509913135e-02 9.487300259714004369e-05
-1.192756257814586718e-02 4.242889386985027045e-05
-1.351969010242237701e-02 1.258725099955171345e-04
-1.283056895027367972e-02 6.889996885206528532e-05
-1.313782840730803869e-02 5.228387782474364087e-05
-1.318919240135318915e-02 1.154056612828746609e-04
-1.283307155192714433e-02 7.632535038659682414e-05
-1.340983451327293352e-02 1.100933322537578363e-04
-1.347748763710576725e-02 1.652771035725031368e-04
-1.271973675580184704e-02 7.177989303785992092e-05
-1.129006928634357365e-02 2.710207902500982868e-05
-1.242119246104866903e-02 4.263284023098279363e-05
-1.192102660976468442e-02 3.261297428736043003e-05
-1.187154063344220134e-02 2.265815985391661513e-05
-1.237185585870070881e-02 4.432989348490679049e-05
-1.235744046104692018e-02 3.760003444774895343e-05
-1.181037128705808570e-02 2.285194434703541333e-05
-1.170713701750569768e-02 2.321012928696575273e-05
-1.259530685054910393e-02 1.699566845254629754e-04
-1.154673264423955459e-02 1.900125382836570509e-05
-1.250534557415372561e-02 8.151600097949796009e-05
-1.500485757305902723e-02 1.227310705309569983e-04
-1.546028155250978031e-02 5.263305071645518751e-05
-1.521082786259064790e-02 9.248170644049480416e-05
-1.540997032702096092e-02 6.982718877601712393e-05
-1.484938722682738188e-02 1.139300749199989582e-04
-1.501240183420859964e-02 1.097836294974285920e-04
-1.539104599454033107e-02 5.398125364042272167e-05
-1.559494185384302511e-02 5.889433938577326444e-05
-1.557028139434457614e-02 4.297851092283089258e-05
-1.585308692840348144e-02 3.772100158716540363e-05
-1.565058355956150393e-02 4.399698135593155257e-05
