-8.713812734210373279e-01 3.556414113559003276e-02
-3.479725060093405986e-01 1.138593129793630254e-02
-5.388988720763796536e-01 1.062631896961407918e-02
-4.419587885515898762e-01 9.215358672310913768e-02
-7.399462064430561981e-02 1.086330577825878052e-02
-3.016316473126057218e-02 4.751790646077003188e-03
-8.991687329178876809e-02 2.186279250468103896e-03
-5.221022424632693060e-02 6.185882715694646095e-04
-9.067709322788530812e-02 7.901709133242285077e-04
-8.750497106152632654e-02 1.364856537080960663e-03
-1.582322002650009551e-01 3.829282385158450097e-03
-3.508180562383289569e-02 3.658951911971186632e-04
-3.819594011277427370e-02 1.541267048414951546e-04
-3.816363675325096239e-02 7.019732716351256840e-05
-3.781563035327817346e-02 9.330879481916909413e-05
-3.603819134406371916e-02 2.139003352685797665e-04
-2.393442322518791965e+00 5.012844040725425998e-01
-3.643769006800656740e-02 2.998667945632860210e-04
-3.931021901659814688e-02 8.629416159644520690e-05
-3.884701515295185814e-02 8.127350125519683388e-05
-4.014880325654068827e-02 7.092539362929528579e-05
-3.733448451300880322e-02 1.904785967208333375e-04
-3.750983226370285806e-02 1.529284718064793935e-04
-3.556645919617773544e-02 3.227406269168398012e-04
-3.890698826117588993e-02 8.240101288059520357e-05
-3.918996441201105796e-02 1.167022563191011386e-04
-3.955730489682229845e-02 8.691167211782868662e-05
-3.858395780115975171e-02 1.942781537289661742e-04
-3.913388842775145093e-02 1.701591893219500662e-04
-3.870891716158819662e-02 1.772196919431756612e-04
-4.021825360042097230e-02 1.130018475903327158e-04
-4.024641969263109686e-02 8.756431960188493235e-05
-3.921872148611793563e-02 1.262787575870838452e-04
-4.061265072041031488e-02 5.369597505344714250e-05
-4.067764899647219323e-02 6.379123281963217096e-05
-4.111179416021926158e-02 5.030374762693412549e-05
-4.073141087637877078e-02 8.021085098297575655e-05
-4.068746355808361415e-02 5.539136761534280140e-05
-3.923917306304947061e-02 1.496964202565287394e-04
-3.906991929962799759e-02 2.240868640033255588e-04
-3.888285708752103886e-02 1.656160010319318587e-04
-3.954918481880387304e-02 1.137282567573727476e-04
-3.963710260443686906e-02 9.927290353717310722e-05
-3.925753256979636063e-02 1.736025088407977535e-04
-3.940551476952824927e-02 1.633699691252488151e-04
-3.994685969010225435e-02 1.239586379591095522e-04
-4.009954722756603473e-02 8.736616118154572064e-05
-2.330986171817833963e+00 1.834319578214147484e-01
-4.033312025214774721e-02 8.294985941059707102e-05
-4.022143278260736921e-02 1.024619602594256662e-04
-3.986158159912456256e-02 1.089247350329891617e-04
-4.009177907617944570e-02 3.258253408788824856e-05
-3.920274722599881301e-02 1.608074797856406946e-04
-4.007572561685179835e-02 4.534956888635477412e-05
-4.006400745955529530e-02 6.686692203183852712e-05
-3.983191590554424621e-02 3.469805748457233108e-05
-3.992943318875719072e-02 5.806510829531319473e-05
-3.947466579493941197e-02 6.856107844077641289e-05
-3.939210972497608765e-02 9.905500125517718857e-05
-3.898153250824165639e-02 1.203031863505898968e-04
