-1.424751585029217171e+00 3.672945376899838799e-02
-2.999650004892266963e-01 3.920270477393739128e-03
-9.674393727145491617e-01 1.928359456914030545e-02
-1.167273028818849312e-01 6.733375953390074997e-03
-1.246977372202451306e-01 3.686129526818326951e-02
-2.118755825608120702e-02 5.058116771090581665e-04
-5.514899058542521715e-03 8.993587188910190378e-04
-6.785085466561815437e-01 1.098449167835431339e-01
-6.322077575971452035e-02 8.416128774977327254e-03
-1.761990610195152129e-02 7.537636147825210742e-05
-2.642866804281629456e-02 4.212113715000853631e-04
-3.192263334752842852e-02 2.820043254394555277e-04
-2.656030308343249047e-02 2.348706573633840833e-04
-2.653174375555966691e-02 4.083918857062940333e-04
-2.576768856755995429e-02 2.132037832320854420e-04
-2.797610788102389279e-02 1.482789798106232126e-04
-2.678646205960300009e-02 1.147970924864072373e-04
-2.770042028094898967e-02 9.489792288341902804e-05
-2.669213544690807183e-02 1.369849968582137478e-04
-2.666562090776425364e-02 3.459802170899806129e-04
-2.717841105219021003e-02 1.591755017096296854e-04
-2.640962734414786794e-02 1.684814401738954359e-04
-2.626965698141514594e-02 6.980839616925749169e-04
-2.801608989196235910e-02 1.444442374953780472e-04
-2.589940394140821667e-02 1.662989343598209047e-04
-2.687291608314934521e-02 1.259246208675790513e-04
-2.634524410720562315e-02 2.925149440624608133e-04
-2.810393371006236762e-02 1.253728552632615845e-04
-2.830665663216391792e-02 1.240331886940282402e-04
-2.757584967516546470e-02 1.258959289818228910e-04
-2.671205861776337898e-02 1.728092808233050448e-04
-2.581607395832286045e-02 2.617087565712772346e-04
-2.617433977698357950e-02 1.433331191380560199e-04
-2.599068842829899140e-02 1.981915819393442746e-04
-2.619805003893826978e-02 1.878960499168691456e-04
-2.783921432107216987e-02 1.134637545394667768e-04
-2.851686526214924911e-02 9.083435129753070214e-05
-2.622948321042839481e-02 5.498098512592974885e-04
-2.456728462505664012e-02 1.844681837930295387e-04
-2.456532565567348669e-02 2.340609284243733157e-04
-2.442986798409796378e-02 1.352415674333862228e-04
-2.435470573554354701e-02 2.110552707845769760e-04
-2.504774936110010231e-02 9.090007251932874510e-05
-2.445466778491622861e-02 1.187627854424277984e-04
-2.443760713468012824e-02 1.178142313933427943e-04
-2.796714442800452005e-02 3.151044291493931837e-05
-2.428945299966089877e-02 1.984615471202211268e-04
-2.442722716568779262e-02 2.139148953785863227e-04
-2.441527881528182675e-02 9.517699796601775120e-05
-2.518540321590823083e-02 7.113930780677790722e-05
-2.180644746512516274e+00 1.087726232455521469e-01
-2.442809189936312464e-02 1.273549464042567081e-04
-2.585699176794165055e-02 6.487698314572298841e-05
-2.439341522823834651e-02 3.056276107633593142e-04
-2.424207991580074051e-02 1.738655374965425437e-04
-2.432614643112263053e-02 1.338117366769253636e-04
-2.513796747664320819e-02 7.494850648992468223e-05
-2.419049279423157728e-02 1.111867097474128485e-04
-2.501630757086026335e-02 7.377537222774677161e-05
-2.607847877857327745e-02 7.669180842695411116e-05
