-8.672432458438725789e-01 2.295833839344196825e-02
-2.669867416600433252e-01 1.130644619023990494e-02
-5.868438850295425446e-01 4.529670876014169068e-02
-1.890695793603569541e-01 6.771179602687027455e-04
-5.888896765614548556e-02 5.169702161051503708e-03
-7.383658790898062207e-02 1.541787045598042027e-04
-2.366621566532107757e-01 6.204388778804181825e-02
-3.264363168717170360e-01 4.277257645107868100e-02
-4.689828984218591401e-02 2.484328516773715023e-03
-4.589891753408625874e-02 1.735475942694186813e-03
-4.620597299025464011e-02 8.234136316231932540e-04
-4.489394311493466461e-02 7.103206992287169896e-04
-4.475104937068019595e-02 1.117345642942524364e-03
-4.478352811054264748e-02 1.321548526250548861e-03
-4.416177706624679900e-02 3.523091415700285722e-03
-4.460517599089941498e-02 7.157322014670342014e-04
-4.217743001311280437e-02 1.377374384678553554e-03
-4.185780192621502138e-02 9.495082971846535713e-04
-4.160207907972290897e-02 6.449572270823544784e-04
-4.214809020523135885e-02 7.301613566408349243e-04
-4.219313998585061398e-02 6.217759001652112261e-04
-4.189200898086697933e-02 7.051152183832343212e-04
-4.213158202530609131e-02 1.085531158219410486e-03
-4.074187541643459198e-02 4.494980779481405619e-03
-4.241656407878169333e-02 9.886341682463495317e-04
-4.198229977444034589e-02 1.754417216433434845e-03
-4.355648462336958460e-02 8.543836666774495825e-04
-4.349739884964565206e-02 9.810186264331832717e-04
-4.441831707990484546e-02 4.448366277842730199e-04
-4.369806304695877941e-02 1.383196297358946225e-03
-4.360025085347762897e-02 7.393358945186889741e-04
-4.386331314611213728e-02 7.679553717312437300e-04
-4.272984560236858798e-02 1.590858351054880160e-03
-4.287975796552023766e-02 8.241573043830108247e-04
-4.253844068450041149e-02 1.205411387181332117e-03
-3.892193663629406331e-02 6.153723914472664092e-04
-3.887323289253608039e-02 3.171270209123555617e-04
-3.889131524567712717e-02 4.683651687606982250e-04
-3.894252725419988792e-02 3.124906062117460692e-04
-3.915724865372682828e-02 5.707801354786212755e-04
-3.919793563274920345e-02 8.020092918576970931e-04
-3.911928916734552786e-02 4.474077186480407420e-04
-3.906065450074658330e-02 4.884357419911999898e-04
-3.910067144452078480e-02 3.842675505829618032e-04
-3.940688876655551454e-02 7.773576237615209550e-04
-3.944492524900722330e-02 4.808316879221230522e-04
-3.941626600800196556e-02 3.771174966149537511e-04
-3.919083597086947535e-02 5.475278649949011367e-04
-3.919008433300996685e-02 5.645874955675367346e-04
-3.866392896935444412e-02 1.502466732885565648e-04
-3.915369163204163172e-02 2.995286654055018261e-04
-3.941251436182247048e-02 6.590281271181552825e-04
-3.931850694556882075e-02 5.352961911251341576e-04
-3.939698862997698114e-02 5.060113265482613087e-04
-4.011692321046433918e-02 1.140901816723438600e-03
-3.953706521668598484e-02 5.814692503702811877e-04
-3.926629447446128296e-02 3.662726235811319953e-04
-3.929353835101956349e-02 4.129201094822398943e-04
-3.926796826708667254e-02 3.762131333817642087e-04
-3.932974240006048561e-02 4.047848405286380569e-04
