-1.429151550318081831e-01 1.504495844260267390e-02
-2.108873057439346610e-01 1.523444189284073325e-02
-6.968734600713015759e-01 8.021061843020582671e-02
-2.448234641008868451e-01 2.660429211784443027e-03
-7.878822553341091606e-02 1.154818161415693822e-02
-5.176186192681697662e-02 6.243050323799792523e-04
-1.248497804194332872e-01 2.055991015544211820e-02
-2.794246034605984974e-02 2.670248219107662635e-03
-2.063593970151345047e-02 3.644189981848455773e-04
-1.997315332855231773e-02 2.479386691325302650e-04
-1.815311364234695191e-02 1.334264988401834273e-04
-2.217184030508612125e-02 5.527087258045959572e-04
-1.771471534029522843e-02 2.699544802897690943e-04
-2.019440599562782879e-02 7.938679625811850826e-04
-6.489646354455036459e-03 2.838440591137469937e-04
-5.840438735836173123e-03 2.833081041808682699e-04
-9.237075852644327512e-03 9.915695613837982592e-05
-7.372657125979564796e-03 7.756660236690748889e-05
-5.185304953496228109e-03 1.829962290347264542e-04
-7.457962694978892415e-03 1.037991257120118860e-04
-6.898513109818704692e-03 8.031708936817594235e-05
-5.145316577093606014e-03 1.886093793928012019e-04
-5.113894173957245215e-03 1.757674829234723290e-04
-6.503198668906140512e-03 5.022723442151821871e-04
-5.257692469093910859e-03 1.257451899669970175e-04
-5.111943746448410764e-03 1.974113065166260839e-04
-6.455487970638440487e-03 9.876998632574185422e-05
-4.953643622729764218e-03 1.723741293067071467e-04
-7.703554082605368336e-03 1.040253689152947913e-04
-7.232036557459409210e-03 1.000199121103939603e-04
-5.766370811929544260e-03 1.335167583964569360e-04
-5.116459277455298604e-03 1.903065512984802865e-04
-7.019223962903442526e-03 7.446805552424606844e-05
-5.556017102459787083e-03 1.094456107715302551e-04
-6.177627626714699005e-03 1.189963949692618428e-04
-7.095444685048857281e-03 1.207934452160941419e-04
-5.602517349907021327e-03 1.994779997187556830e-04
-6.592083438911267024e-03 1.124100227340996128e-04
-6.831485679961613044e-03 1.072181734236288264e-04
-6.740819683109577909e-03 1.313631746495680375e-04
-6.761527358713159686e-03 1.164784218605774413e-04
-7.314625237879290864e-03 9.167323130743199044e-05
-7.320307755384725112e-03 1.029521027144930656e-04
-8.250159982511995338e-03 8.837936968486559408e-05
-7.571690016520804534e-03 7.745703162154171650e-05
-7.497836555224512978e-03 8.631154961769027523e-05
-7.814025835622295801e-03 6.777337923757897897e-05
-6.930350846265920239e-03 1.316166495146653403e-04
-7.107229410047377627e-03 1.336971498830941130e-04
-7.176618984531479839e-03 1.431840944174922470e-04
-7.144926763113179646e-03 1.441267507531485137e-04
-7.172138287919960220e-03 1.443147159352342612e-04
-7.177934881515746213e-03 9.930138395763954406e-05
-9.874014314572576723e-03 3.587771642665771310e-05
-7.689301110425095231e-03 7.838901098766726250e-05
-8.089175340803667069e-03 7.691513368657254546e-05
-9.848284938825724311e-03 5.671544530017058605e-05
-1.120477539327957572e-02 3.108939727347603821e-05
-8.931197855870376401e-03 6.064801919203333114e-05
-7.476196255287170800e-03 9.639215049284111103e-05
