-1.257657451018858730e+00 3.609722102884571626e-02
-3.500546363763721303e-01 7.293328676239330122e-03
-6.065134191918297724e-01 1.167682585182405752e-02
-2.089219251745166872e-01 1.652232844775447518e-04
-1.525617909938459249e-02 1.276442969456947907e-03
-3.026179671306605812e-02 4.441271312511929636e-04
-7.929169389748169650e-02 2.783796710867925128e-04
-4.781842974753613973e-02 3.677691228780588517e-04
-5.881505446613033428e-02 4.012518998899317069e-04
-8.979676675679293396e-02 4.548120777130293391e-04
-5.239368471874827904e-02 3.860680292979701278e-04
-5.859348564064381648e-02 5.444324097352293279e-04
-6.337783897721749327e-02 6.270337061851094518e-04
-8.931266230970358322e-02 3.042759537330574915e-04
-6.668716887678893812e-02 3.201514672832583841e-04
-6.694879802757736087e-02 3.875622328410877060e-04
-7.528773323846005283e-02 3.774201519641806613e-04
-9.143026281597510518e-02 2.822354598590592900e-04
-7.439522277153676200e-02 3.723638728110323370e-04
-8.470311794704121766e-02 4.891593901441559922e-04
-9.088660206273724285e-02 3.640850289654551375e-04
-7.333938563703767954e-02 3.724690640782846174e-04
-6.070641546598576355e-02 4.666992602615493979e-04
-6.688002419302385704e-02 1.209967761809149778e-03
-6.103174992329396531e-02 7.920460118264749383e-04
-5.856280763449550619e-02 2.014513072975621100e-03
-5.426787709051206221e-02 2.946592545912452010e-03
-7.521409205886531169e-02 1.496888423167419546e-03
-6.097943528198079832e-02 1.758312968795028297e-03
-7.333598791771933634e-02 1.227166057896855733e-03
-6.421369453010505879e-02 1.683903620552928970e-03
-6.917512707017170470e-02 2.269335279696527152e-03
-7.734203056800614817e-02 1.223495076994041142e-03
-6.085980990020045667e-02 2.549212995297978068e-03
-6.549791762821177699e-02 1.640435303356557739e-03
-5.995906301621722889e-02 1.593826737876113953e-03
-7.169129392245698895e-02 1.532409530519807106e-03
-6.628684762270875552e-02 1.546112092531082283e-03
-7.034834998359462688e-02 1.357167700408723476e-03
-7.152098465423639695e-02 1.296248862783677680e-03
-2.208921459193967873e+00 2.673328720169880768e-01
-6.914784768561732520e-02 1.213895171539469686e-03
-6.787221097415363502e-02 1.241664147250354233e-03
-7.375335058575416269e-02 7.598599026503727316e-04
-7.018262803119323934e-02 8.860596686277588674e-04
-6.344506421924078765e-02 1.184513352662897034e-03
-6.709487544434278306e-02 1.399095805091121747e-03
-6.697582357325781999e-02 1.072479944638438099e-03
-6.929878323700178200e-02 1.060232766516566727e-03
-7.034538026774361796e-02 9.710460995342451440e-04
-6.514073391267061197e-02 1.046252792965773892e-03
-7.268118447556792816e-02 9.450557734500542040e-04
-6.402886514970562715e-02 1.221071970456399924e-03
-6.117617517919216041e-02 1.144638469604331021e-03
-6.511287462716497387e-02 1.330706951416793515e-03
-6.443086454552204856e-02 1.300378984417704942e-03
-6.564681128529104015e-02 9.958445529409942765e-04
-6.109575563073743609e-02 1.283690966037642767e-03
-5.303555908137314034e-02 2.720298105444829417e-03
-7.040811832769566792e-02 8.893580086271057894e-04
