-1.425472080386745111e+00 3.299185865028486653e-02
-2.976579916227382050e-01 4.260271748214750076e-03
-7.641645197337112450e-01 3.531681849680490259e-02
-1.006079378293658344e-01 1.281790472535662140e-01
-1.004868740899844681e-02 6.031707819805998128e-03
-8.602842079130557096e-02 1.631090059492468214e-03
-1.037340270452316027e-01 1.266619038505556460e-03
-7.808669375728927164e-02 7.606687795100874894e-04
-8.976755009357351156e-02 1.859281295827130975e-03
-1.409149401183484862e-01 2.664778472759810057e-03
-1.046475014805938741e-01 2.785486503442236028e-03
-6.963775860804677365e-02 1.847031731336379323e-03
-2.783082422783200727e-02 1.987048170137839520e-05
-2.883387127907566239e-02 1.406166166173505871e-05
-2.624505173837388128e-02 2.955864731424284741e-05
-2.633802049567179893e-02 1.839077756660145724e-05
-2.817776544825756346e-02 1.722760122158106810e-05
-2.610705844277116938e-02 2.936321994040369532e-05
-2.740965681919638186e-02 1.672744522718261351e-05
-2.534826489781805137e-02 2.658747153860829826e-05
-2.384658186056257012e+00 3.382800943380028791e-01
-2.554958348643099342e-02 2.573167428554512526e-05
-2.447538047200570333e-02 3.226850100901401674e-05
-2.417911067845901485e-02 3.364915866943540834e-05
-2.574892646784787686e-02 2.586653603753319430e-05
-2.475862114575644313e-02 3.920022849568383094e-05
-2.362830073802202335e-02 5.791003395794191988e-05
-2.560912609319476729e-02 2.450868138437201083e-05
-2.784031601411207646e-02 1.541570819219018063e-05
-2.618589560463258081e-02 2.476328506428870924e-05
-2.607699660574835931e-02 1.893905494121383981e-05
-2.659784300658740719e-02 2.721992857290800316e-05
-2.634189787867535770e-02 4.664006548171784061e-05
-2.639615640399295415e-02 3.530706229470936819e-05
-2.748641772370241654e-02 1.042317760124866766e-05
-2.487743336768577507e-02 2.262007022180156923e-05
-2.577875596626455490e-02 1.820175506273002952e-05
-2.656198091823469554e-02 1.184084054273171205e-05
-2.659266714110719576e-02 1.625319885345533066e-05
-2.546774749464431054e-02 1.964398921305843260e-05
-2.505954711760782772e-02 1.867169945080071614e-05
-2.494245835154274005e-02 2.105429063181674110e-05
-2.539825132455808543e-02 2.554142180288820896e-05
-2.448959220361102140e-02 4.554007624424372125e-05
-2.719852462227256851e-02 1.289323535136333021e-05
-2.639547173637213362e-02 2.025558036455876731e-05
-2.448367323641464921e-02 4.771863833852307835e-05
-2.603140899802003361e-02 2.489106490743964173e-05
-2.349545324790542900e+00 2.963545759721597506e-01
-2.581502956154091422e-02 2.311661767118167177e-05
-2.495837205391238101e-02 4.266995543877882824e-05
-2.787321793076280585e-02 1.553006631738185206e-05
-2.582493680294550842e-02 2.028467364523223182e-05
-2.681351985374558211e-02 1.384584254626730626e-05
-2.746235810757946538e-02 1.283026195864067631e-05
-2.721397678754700067e-02 1.740109146641799498e-05
-2.647504379985177181e-02 1.480522734831346554e-05
-2.780534033952708484e-02 1.426475623889089661e-05
-2.627030336967406399e-02 1.540715973180617482e-05
-2.578903162583667807e-02 2.131227974500049527e-05
