-1.628083769059917429e+01 1.184776240680437525e+02
-2.973121398858505771e+01 1.179484964504404161e+02
-7.545809457003648468e+00 1.344193468234006161e+02
-5.954975825234442688e+00 1.649399730182037160e+01
-5.954975825234442688e+00 1.914779180864101704e+00
-5.954975825234442688e+00 3.282950521923098108e+00
-5.954975825234442688e+00 1.629593545439334434e+00
-5.954975825234442688e+00 7.806711047445134000e-01
-5.954975825234442688e+00 2.010557462101871806e-01
-5.954975825234442688e+00 3.106605598112537336e-01
-1.282246158654143464e+01 1.343899189329046067e+02
-1.117037836366281134e+01 2.119969582355207081e+02
-5.954975825234442688e+00 7.257280464295945421e-02
-5.954975825234442688e+00 1.837965585149561321e-01
-5.954975825234442688e+00 1.036164876327632101e-01
-5.954975825234442688e+00 2.655653404491999936e-01
-5.954975825234442688e+00 7.742206242434690466e-02
-5.954975825234442688e+00 1.043546650935809339e-01
-2.442668907588873672e+00 1.441810302861242690e+02
-2.396552111911777416e+00 1.115952346550642460e+00
-2.562690388759013338e+00 7.859232022836692977e-01
-2.641537564759211421e+00 3.372957237570517464e-01
-2.531904052000956362e+00 2.255559638111606091e-01
-2.518163253181619154e+00 1.960434412744405108e-01
-2.687936324673779076e+00 1.782111260372971628e-01
-2.399962278915428016e+00 3.730334747038170917e-01
-3.101069851392987076e+00 5.276341821600851745e-01
-2.494950791156496983e+00 1.463604127828546098e-01
-2.426671725451155837e+00 2.131383935366386595e-01
-1.858636984595340280e+01 1.711174856530058719e+01
-2.397581612877422330e+00 1.754481333850321789e-01
-2.685189681411124241e+00 1.221169977383453897e-01
-2.599486064213764713e+00 1.008090623720647727e-01
-2.429277440137054711e+00 1.441685218214843189e-01
-2.348240858570443734e+00 1.680964257056132283e-01
-2.247286284451895710e+00 2.329911176641132897e-01
-2.615724132641345179e+00 5.796447727033182673e-02
-1.847712176403472029e+01 1.718327279573810529e+01
-2.589534318580182237e+00 5.601723087798404777e-02
-2.543787839801096240e+00 5.334402039702013099e-02
-2.459904358198579999e+00 6.898379105439289560e-02
-2.657266054035343217e+00 7.365595658848178573e-02
-2.485514906457610529e+00 4.771067825481623004e-02
-2.442483082860036347e+00 5.417023264755016498e-02
-2.457425280217488961e+00 4.907093758941982742e-02
-2.492195312281355157e+00 3.751529110257934008e-02
-2.503052720108655649e+00 3.225000992387094811e-02
-2.432127848149617577e+00 4.542396745694077254e-02
-2.342146038218920090e+00 8.651608025047607953e-02
-2.258293670515326035e+00 1.194034640271297576e-01
-2.301291011972792511e+00 6.531478696015824426e-02
-2.269429863706293737e+00 7.869189009844035354e-02
-2.530207225042658159e+00 3.417568491843780976e-02
-2.466789581309502211e+00 3.504983694662655580e-02
-2.372843776096513757e+00 3.820115375137334013e-02
-2.376069777541545136e+00 4.038713916568781315e-02
-2.404642233201540691e+00 3.007656451859475055e-02
-2.309640143371516352e+00 4.987323707902646674e-02
-2.296082880797897019e+00 6.962849500766310484e-02
-1.928459194031069757e+01 1.940277574425539342e+01
-4.585626654200043895e+00 1.346679192026064413e+02
-3.286757478077744210e+00 2.709011936905596940e+00
-9.001765476969511681e+00 1.888469590096033812e+01
-2.479105221830783634e+00 2.737301619794152430e-02
-6.758228992150046466e+00 6.311837191395625268e+01
-1.169610114222551900e+00 1.197511126522272207e+00
-1.320433012213367618e+00 7.611761349144217093e-01
-1.309862880536885044e+00 3.104642189468336255e-01
-1.352153187837695114e+00 2.392166614384620971e-01
-1.348635391052280141e+00 1.934308257405348286e-01
-1.395777613653645233e+01 2.755243480847383353e+00
-1.311419157564031934e+00 2.010132286012265013e-01
-1.326714872145267066e+00 1.893923487900792679e-01
-1.225462925468676190e+00 1.378196090338406066e-01
-1.210477022338491082e+00 9.427598692653305079e-02
-1.326926988887100478e+00 9.736351897046802151e-02
-1.293575829231102148e+00 1.107465973502712586e-01
-1.348103382114326010e+00 7.863196330154664793e-02
-1.203172482419315514e+00 8.759837297321837468e-02
-1.383321551662270110e+00 9.590159852928081818e-02
-1.382044195272342790e+00 9.640653836342494287e-02
-1.412286718788514861e+00 9.568637102086086088e-02
-1.277773578890220918e+00 5.954729862764907011e-02
-1.229737581592287299e+00 6.026554252400728728e-02
-1.335458162407730853e+00 5.792825948239510581e-02
-1.290055414141930257e+00 4.532185741661010070e-02
-1.224087206367617142e+00 4.894121741810408821e-02
-1.277376353352952520e+00 3.654055825617774644e-02
-1.318062221795583966e+00 4.290708174707447142e-02
-1.342761309777777967e+00 3.457383846262018778e-02
-2.363309865103814467e+00 3.868389983409770139e-02
-1.313452702191780119e+00 5.210968043201091859e-02
-1.204839058142233910e+00 4.678560457782054982e-02
-1.184996738116536719e+00 4.930504039572269903e-02
-1.315052670325741246e+00 3.920582821766060988e-02
-1.183910812416252512e+00 5.412584326276714819e-02
-2.409989156795175447e+00 2.604761472102268272e-02
-1.285950412783259722e+00 3.486613326344922825e-02
-1.294356987882581578e+00 3.450172266633444451e-02
-1.300906844271855434e+00 3.017743478471857088e-02
