-5.954975825234442688e+00 2.808908104118103211e+02
-1.750829951577816601e+01 2.511453809365730763e+02
-6.955102229243157907e+00 7.132716270719018326e+01
-5.954975825234442688e+00 9.401851766717499004e+00
-5.954975825234442688e+00 9.679080479587000241e+00
-5.954975825234442688e+00 3.198029290183711737e+00
-5.954975825234442688e+00 8.918722623428720908e-01
-5.954975825234442688e+00 5.030615226595500644e-01
-5.954975825234442688e+00 1.782137982209519578e-01
-5.954975825234442688e+00 2.331539785485006178e-01
-5.954975825234442688e+00 7.070593888253142723e-01
-5.954975825234442688e+00 7.589118076660383849e-02
-5.954975825234442688e+00 1.359081615549087019e-01
-5.954975825234442688e+00 1.028097096912858888e-01
-5.954975825234442688e+00 4.550138113341972712e-02
-5.954975825234442688e+00 6.812281524517516118e-02
-5.954975825234442688e+00 5.585481580362738896e-02
-5.084531976364872463e+01 4.060997317897138714e+01
-5.954975825234442688e+00 6.394219280068114131e-02
-5.954975825234442688e+00 5.387955525841903182e-02
-5.278711993105809341e+01 2.391850155217687757e+01
-4.999601740384758841e+01 2.070144314106521506e+02
-6.216654309268351497e+00 3.215363856375870455e+01
-4.511209140093335179e+00 1.029086578369629024e+00
-5.956871581421800954e+00 3.193196637627156065e+01
-2.609736929606621736e+00 1.459247595312291423e+00
-2.166048027642776042e+00 9.289687326173350357e-01
-2.152537947537691565e+00 4.327911880070871575e-01
-2.022491995105591300e+00 3.471569504573324139e-01
-1.947590437179078648e+00 7.288933082007815756e-01
-1.943167357937710449e+00 7.338411070367385491e-01
-1.945883229754768351e+00 3.609469011137491634e-01
-1.948043149188462664e+00 2.579967813370274143e-01
-1.943535602757748393e+00 1.845277359999499822e-01
-1.945389556828118316e+00 2.722004500718924191e-01
-1.943308585435044478e+00 1.339239546949784199e-01
-1.943655502268944346e+00 1.757205406980801854e-01
-1.962947088889499980e+00 1.810949243294714961e-01
-1.958311125991935242e+00 1.153474166517582944e-01
-1.947816546867468190e+00 1.042479770419504348e-01
-1.965266045029860464e+00 1.189128979330575930e-01
-1.946573328099253430e+00 8.723804171216897885e-02
-1.955077873171264358e+00 9.118799132983212985e-02
-1.945298417127213852e+00 8.304450653818662431e-02
-1.944319486823296472e+00 5.807691998822406276e-02
-1.945757515356072886e+00 5.499850830221930664e-02
-1.943172082645901355e+00 5.700842619754098450e-02
-1.943171872990944848e+00 4.259009761005927430e-02
-1.943571693874403650e+00 4.286697508780434873e-02
-1.946038942908691283e+00 4.434147519501152601e-02
-1.943144337131426980e+00 3.464602231750291139e-02
-1.945791989505588404e+00 3.281309154209566259e-02
-1.943692150468576685e+00 4.056325000880178777e-02
-4.635794968764790802e+00 3.640522955178937536e-01
-1.944830492408950562e+00 3.995516155981704287e-02
-4.775032887948002625e+00 4.566948295578185935e-01
-1.947179683519845383e+00 3.462353811917751045e-02
-1.944969623757883070e+00 4.314290962332734125e-02
-1.943190635037877811e+00 2.880977381096272438e-02
-1.943588871405033558e+00 2.770176078630015581e-02
-1.943323575845612439e+00 2.380229645032727603e-02
-1.946587966024342364e+00 2.906392436523219658e-02
-1.945761241737779201e+00 3.395371988264628271e-02
-1.946268860007899448e+00 2.441828262647049996e-02
-1.943158068705042041e+00 3.251754769596004735e-02
-1.947243239791573544e+00 2.504401992212024197e-02
-1.945409673290125596e+00 2.635426322487433026e-02
-1.944058177098765938e+00 1.892526174432873631e-02
-4.768465709460861568e+00 4.539333167072356900e-01
-1.943165515234147378e+00 1.833027630041783596e-02
-1.944060112249717420e+00 2.199805508743679638e-02
-1.943144724045495764e+00 1.827371543359390671e-02
-1.945617667343034540e+00 1.781133115164834635e-02
-1.943768899031875108e+00 1.840416919333165424e-02
-1.946279709108601708e+00 1.595611911028527174e-02
-1.944837280082680309e+00 1.979234850486477626e-02
-1.944378437245701363e+00 1.639877401447620286e-02
-1.943464881285088097e+00 1.731415677906511519e-02
-1.945097220239144775e+00 1.721088262732450858e-02
-1.955387802572360556e+00 1.826053201966715278e-02
-1.946210083329116713e+00 2.155816074167660190e-02
-1.944638266726450126e+00 1.497165544580525420e-02
-1.957349506259424388e+00 2.149995618268008002e-02
-1.955819461446560936e+00 1.946735994374648726e-02
-1.946653683372181476e+00 1.759716124996657527e-02
-1.943144134401084244e+00 1.933154869345798943e-02
-1.943149343979438726e+00 1.535866866342416870e-02
-1.957934858465641526e+00 1.868378595759168093e-02
-1.944950687890225183e+00 1.709431945255346363e-02
-1.949701492710465445e+00 1.749318823237899778e-02
-4.365357763788497714e+00 1.229011016910988019e-01
-4.066885199843927268e+00 4.784967505133579380e-01
-1.945988649084259947e+00 1.449001255281245903e-02
-1.943301494832661902e+00 1.494526681733532314e-02
-1.949448823939370357e+00 1.638804335306076609e-02
-1.943954949577008762e+00 1.564792917304203002e-02
-1.943966584742545578e+00 1.252183609440749024e-02
-1.944937069452880252e+00 1.382779792481869663e-02
-1.943303564371248626e+00 1.109741556129506534e-02
-1.944481582557662236e+00 1.131804774857414486e-02
