-2.747543762452181113e+02 5.200743014764677241e+01
-1.118160309611711938e+02 2.761182768205495677e+02
-1.388128275765658870e+01 9.061060918528052355e+01
-4.958405133431570633e+00 7.972746101636909088e+01
-1.159893815290582779e+02 2.662631805076809997e+02
-5.223636120718122555e-01 4.728028626186910799e+01
-1.476682507574428982e+00 5.465937403843969378e+01
-5.164071525568813215e+00 1.470121936682451746e+01
-1.966373032727783965e+00 3.609264178668364309e+01
-2.373642743169749103e+00 3.834899351124676059e+00
-2.117478855902787060e+00 1.234033128800237478e+01
-1.970088289018891103e+00 3.825481696031346246e+00
-7.513678471488436372e-01 1.215235052398412563e+00
-1.593254958087481299e+00 3.416391941667455967e+00
-1.957808419525518318e+00 1.791399520376756982e+00
-7.300625135531149112e-01 6.264328073056049107e-01
-6.990865072784675505e-01 8.190031986642054562e-01
-4.317992838285320545e-01 5.677939366847795100e-01
-7.212733849959039389e+01 1.076703099098895535e+02
-5.204994213012401616e-01 3.187787292958716989e-01
-4.300702471976816099e-01 1.398541187556475052e+00
-1.157080427413113455e+00 1.589635565284879704e+00
-4.247716217054353649e-01 2.607000507650809595e-01
-4.253522896908830120e-01 2.775976780374946884e-01
-4.348001117092135104e-01 1.371043039172263889e-01
-4.992531493185747848e-01 1.736145675050124737e-01
-4.444868960716714668e-01 1.153001680496004155e-01
-4.308966817275603489e-01 1.857067851350961973e-01
-4.127068404589468997e-01 1.102654626944001848e-01
-4.127862878692081239e-01 1.141502868839836538e-01
-4.200091611332616992e-01 9.082851781559497795e-02
-1.231090886390836303e+00 3.516515128229400489e-01
-4.256336519892247594e-01 1.080229127950644852e-01
-4.100997514080972906e-01 6.618977564224337584e-02
-4.179526065405738677e-01 8.780674613689143371e-02
-4.197628465710234735e-01 7.242185684543755997e-02
-6.776711375021644557e+00 1.431021896268988769e+02
-1.905035451422387993e+01 3.364157850231129032e+02
-5.777458667145758398e-01 5.842886317056752432e-01
-1.980232449564647723e+00 8.939144136041790034e+00
-1.773059110146601824e+01 3.265872772671866642e+02
-1.727573192909434141e+01 3.361620161064998911e+02
-4.348054358836979105e-01 4.607305257479765714e-02
-4.198420691183404330e-01 6.638857045984991601e-02
-4.842172966072411100e-01 1.407647733112185051e-01
-4.979437104105599587e-01 7.720145505462028268e-02
-8.433819191656901637e-01 1.542464030529231422e-01
-4.500018812352859499e-01 4.094836623016817612e-02
-5.088206531348777872e-01 6.722760488875678675e-02
-4.274479795424959150e-01 5.683141895178778213e-02
-4.259215137578848953e-01 5.293486036038075326e-02
-4.379137201054881245e-01 4.993355250996955874e-02
-4.342578609005762758e-01 4.607157236787884358e-02
-4.525842771601134018e-01 5.376183854733085354e-02
-4.277726520812077382e-01 5.606661501997223240e-02
-4.140180757778075815e-01 6.417838887989546492e-02
-4.274905176134460305e-01 5.118593884833444463e-02
-4.406185103902302558e-01 4.439378999916243629e-02
-4.398428434639214402e-01 4.824366472172414433e-02
-4.515074819169502263e-01 3.612734461572131295e-02
-4.698791468111149783e-01 6.888926395350836174e-02
-4.260612359082998069e-01 3.692016601024761258e-02
-4.375602113619443401e-01 3.958820205784263635e-02
-4.204106764259627482e-01 3.279055089262783440e-02
-4.216061086686462289e-01 3.133622060514085206e-02
-4.379450646809956993e-01 3.486940165936402991e-02
-4.412145194112753188e-01 3.540386231125580707e-02
-4.455173493293358433e-01 2.939605795060629134e-02
-4.266396556789580075e-01 2.819598299177528133e-02
-4.564796000338606774e-01 4.064924004421754944e-02
-8.799073475395822186e-01 1.122806489779293315e-01
-4.275787713766856513e-01 3.029244724831414715e-02
-4.270311302510414464e-01 3.260562550374856983e-02
-4.330359062053190655e-01 3.499148294150700167e-02
-4.500991741968913828e-01 3.350416361089969541e-02
-4.427147423036128515e-01 3.252092432296649349e-02
-4.257709238778701888e-01 2.517407504129209883e-02
-4.296467343959573526e-01 2.024952464523721574e-02
-4.248318418595236068e-01 2.696017622417912207e-02
-7.999442343917770870e-01 1.170786682819198177e-01
-4.240357859291421505e-01 2.433456246495779851e-02
-4.486574994332208632e-01 2.791507236426582494e-02
-4.208000490504399949e-01 2.258273455689163711e-02
-4.218717260766116084e-01 2.280186705289111160e-02
-4.191244677475864933e-01 2.182253744857121092e-02
-4.752406889887677011e-01 3.657349595508208040e-02
-4.190335858634757216e-01 2.025013785515739073e-02
-4.173362884049787169e-01 4.866452425619627320e-02
-8.031453893693960566e-01 9.109765631950494935e-02
-4.254776129224460135e-01 2.097004448629036233e-02
-4.336254861047681430e-01 2.338577988322754209e-02
-4.132201516453797296e-01 2.176427473406761237e-02
-8.111083963891108084e-01 7.389268603427012749e-02
-4.149652706251210077e-01 1.914672869745004391e-02
-4.109503893129620167e-01 1.971654338882444790e-02
-4.289382302623465648e-01 2.197353310464222886e-02
-4.231372560698289931e-01 2.132586164020722208e-02
-4.611279446902774026e-01 2.720390715180087682e-02
-4.353843733049878040e-01 2.280153009630225824e-02
-4.261564602585004025e-01 1.502094367245376816e-02
