-1.870048808611406699e+01 6.993140847997824494e+01
-5.954975825234442688e+00 1.207250709230875003e+02
-2.738381711535115670e+01 7.977978893725774867e+01
-2.300835169372754230e+00 2.748392710066570999e+01
-2.792796032313089150e+00 1.465270501111939438e+01
-2.166719758718021360e+00 1.126139810728071211e+01
-2.663502187300432311e+00 8.880035768481704395e+00
-1.944829981382222073e+00 6.457219297318147255e+00
-2.001667522511969111e+00 5.173445307131188997e+00
-1.953555608183103587e+00 4.847566941581050060e+00
-1.944358317554026883e+00 4.566854062754472920e+00
-1.946968029263597799e+00 2.613412278574557490e+00
-1.952836133941190155e+00 2.646755656265682433e+00
-1.949484442494028968e+00 2.333258651348160129e+00
-1.944791386163956304e+00 3.486266591076528698e+00
-1.944795652996385016e+00 2.921853530610817984e+00
-1.954274153702865391e+00 2.138247789617039984e+00
-1.970651115236078610e+00 1.854772650125397604e+00
-1.967014585892352230e+00 1.640566557763349920e+00
-1.968141363661173315e+00 1.429171090214808260e+00
-1.974668742727201831e+00 1.525178092802264018e+00
-1.944127503916192268e+00 1.635324971011911543e+00
-1.984168544372309384e+00 1.606227508647776858e+00
-1.947354456339185802e+00 1.484546441542192952e+00
-3.926967126103692252e+00 9.303273576214039053e+00
-1.978930609487372649e+00 2.851968639405981776e-01
-1.949116154659078504e+00 5.513990191313382638e-01
-1.987184321505498730e+00 1.020782991962803976e+00
-1.989770486316269071e+00 6.673125958658090440e-01
-1.949916929745638683e+00 2.811108031349078828e-01
-1.943140938570918408e+00 2.861684249026410498e-01
-3.354156407461974077e+00 8.118120961408706648e+00
-1.944650948800328294e+00 2.531950432157543673e-01
-1.969193639507276217e+00 3.964152294611693605e-01
-1.943463352405208511e+00 1.629118926460506600e-01
-1.644580208579467850e+00 1.359250251791223718e+00
-1.590744743463597288e+00 7.634092702904240468e-01
-1.328552985278218301e+00 2.703830291118975993e-01
-1.415120709840845592e+00 3.353494603929902951e-01
-1.722213671036151084e+00 6.491171691701680402e-01
-1.414686669153432774e+00 2.453811911560705994e-01
-1.945109757155119468e+00 5.936067029399794137e-02
-1.640681763528679227e+00 3.644095355651302270e-01
-1.958032751553869133e+00 4.766075888245779879e-02
-1.723392157861917795e+00 4.292647603536750012e-01
-1.397347718679553097e+00 2.400370655257688668e-01
-1.423667250951631047e+00 1.866039801144268040e-01
-1.525490670024556294e+00 2.554409788751996757e-01
-1.341554544218459100e+00 1.277530124952761525e-01
-1.368880543659047433e+00 1.217708621450412920e-01
-1.957379314022471561e+00 3.581834765419955602e-02
-1.949718536018872683e+00 5.152865438353160243e-02
-1.341660876643029354e+00 1.024204932579237948e-01
-1.385826695186201718e+00 8.829317524140378737e-02
-1.966083506882723597e+00 4.415387195081166283e-02
-1.959125317487771412e+00 4.809273405994929362e-02
-1.971845250180111364e+00 3.940717181218644782e-02
-1.333166684364424981e+00 6.629180139819368378e-02
-1.492641018202661485e+00 9.895275986724527684e-02
-1.415130838122358625e+00 6.727228332501056229e-02
-1.963314995626459947e+00 3.880467404242438079e-02
-1.958516309830892865e+00 4.044997053649979080e-02
-1.301115195563948390e+00 4.918562783308288999e-02
-1.193835814299553988e+00 5.090135291408159901e-02
-1.967542579067469433e+00 4.115319554570362470e-02
-1.396067760224703136e+00 4.907208247561811731e-02
-1.956657023235031545e+00 3.904124925735175111e-02
-1.962346814063003819e+00 4.495793268137049381e-02
-1.351107136853542556e+00 4.234247444740901756e-02
-1.325690280928037978e+00 5.270760899730930760e-02
-1.280290100141389331e+00 2.893203461250948294e-02
-1.970714372519870139e+00 3.511713948317662926e-02
-1.955852775064808924e+00 3.936737600241713153e-02
-1.953424576912690114e+00 3.498271058151658508e-02
-1.949878416447685225e+00 3.421543182103903291e-02
-1.952526841052092621e+00 2.600791585098249925e-02
-1.951658428356765285e+00 3.731004635298518224e-02
-1.391700633444600044e+00 4.402740928854598224e-02
-1.435597177621801279e+00 4.189124740517513601e-02
-1.344912787018762046e+00 3.168334708570341718e-02
-1.364769975709878125e+00 3.203963041093516040e-02
-1.314214222696001855e+00 2.721640786252521593e-02
-1.953738331198346501e+00 3.149312906143109103e-02
-1.443227410213555828e+00 3.967426831817988386e-02
-1.324650877908469582e+00 2.837700137555998481e-02
-1.334507029299860648e+00 2.834155396773496705e-02
-1.292738001637193435e+00 2.873964305764786786e-02
-1.344930860534548245e+00 2.859900528146397392e-02
-1.949451261458813534e+00 2.780049502528925132e-02
-1.301248028821657243e+00 2.364804473096171478e-02
-1.263306788511297185e+00 2.346023429473120814e-02
-1.281993899968213668e+00 2.319678324174390127e-02
-1.393697012227459453e+00 2.782932900227308437e-02
-1.349705626077213338e+00 2.544662767931527014e-02
-1.950544985884063109e+00 2.654678561663104119e-02
-1.302813223429701850e+00 2.411246321469207032e-02
-1.270854008599716423e+00 2.150538499222420796e-02
-1.958592857806822352e+00 2.394287203176759249e-02
-1.949168791611940676e+00 2.612975803668859953e-02
-1.255451208670800511e+00 1.987311043087913731e-02
