-5.042709441017127858e+01 1.787026370776571014e+02
-5.389200253239821592e+01 8.931305577140702212e+01
-5.954975825234442688e+00 2.888174239202442450e+01
-1.458721908793955606e+02 2.148376766539628946e+01
-5.954975825234449793e+00 2.346990606314831496e+01
-5.954975825234449793e+00 1.863311243234048931e+01
-5.954975825234442688e+00 2.253596436775102063e+01
-5.954975825234442688e+00 1.930720518031591837e+01
-5.954975825234442688e+00 2.137743106150325190e+01
-5.954975825234442688e+00 2.155588098929968055e+01
-5.954975825234442688e+00 2.131549191348974048e+01
-5.954975825234442688e+00 1.535697201240301801e+01
-5.954975825234442688e+00 1.633246174292503028e+01
-5.954975825234442688e+00 1.613315968139794521e+01
-5.954975825234449793e+00 1.631914971189581109e+01
-5.954975825234442688e+00 1.349559713937581407e+01
-5.954975825234442688e+00 1.324185692582098639e+01
-5.954975825234442688e+00 1.237536584799266848e+01
-5.954975825234442688e+00 1.217646741061803439e+01
-5.954975825234442688e+00 1.071595060693694634e+01
-5.954975825234442688e+00 1.090100550090080667e+01
-5.954975825234442688e+00 9.835700982397421299e+00
-5.954975825234442688e+00 9.412792541643231203e+00
-1.961208451802030339e+01 1.601654785498009232e+02
-5.954975825234442688e+00 4.385212192976965184e+00
-3.010443356764506007e+01 3.255512315628072884e+02
-6.668961438678897125e+00 1.476037899564856843e+02
-1.215872966104086430e+02 3.077666225704181215e+02
-1.780637513306575670e+01 6.213081098762285137e+01
-2.422193442948265663e+00 1.248107563979260703e+00
-4.172195568537875765e+00 4.173464259318564018e+00
-2.314972725704317114e+00 4.987264477099415672e-01
-5.767856413875929178e+00 1.051585532371166209e+01
-2.317203283520442803e+00 4.015724088669117009e-01
-2.311415342281815555e+00 3.061384219954561559e-01
-2.318259531357941050e+00 1.967431477162335796e-01
-2.318980303750507233e+00 2.253185223260061321e-01
-3.726356178432292943e+00 1.661715211868937558e+00
-3.766451208370021675e+00 1.138861120850322095e+00
-3.879348014292389735e+00 1.126522857434537173e+00
-2.321972216664685007e+00 1.333623594879895791e-01
-2.329067599586951864e+00 9.463757733135480521e-02
-3.973377488984787931e+00 1.251177782194872634e+00
-2.328167516513680368e+00 8.908167213670026285e-02
-2.333192433010816025e+00 9.081347274226914124e-02
-2.326177900471979143e+00 5.171901315813443034e-02
-2.332041189540224657e+00 5.116694373819541397e-02
-2.334050743104781667e+00 7.172337436961129242e-02
-2.328492196012325266e+00 6.582259048255423295e-02
-2.331770880572650029e+00 6.464418728577925322e-02
-2.335882789165775186e+00 5.386565895028638806e-02
-2.335859347192288382e+00 4.201666284748739599e-02
-2.352101331654109728e+00 6.398995900653403623e-02
-2.344774711122976640e+00 6.417564920445784082e-02
-2.346200854434336236e+00 4.962181403814724945e-02
-2.334970784329225779e+00 5.910423967148403790e-02
-2.341346324623081010e+00 4.085521979919803925e-02
-2.338767925295419658e+00 4.523078189745888267e-02
-2.345278233862044814e+00 3.854214917751619396e-02
-2.333820536581770355e+00 3.340251621676770810e-02
-7.988308118046032469e+00 1.314178758241411060e+00
-2.343521763408147329e+00 4.905301326547828467e-02
-2.345623658388913846e+00 3.583268938709238682e-02
-2.353762778385788401e+00 3.405971964974696675e-02
-2.341270396963182954e+00 3.568673278701339768e-02
-2.348843713591927340e+00 3.288747614408293884e-02
-2.339389753813156503e+00 2.284623313300926384e-02
-2.343905606773843076e+00 3.662218991422605541e-02
-2.344306976689203736e+00 2.274682590953602812e-02
-2.343501703110196566e+00 4.213542124466584937e-02
-2.335687350659119588e+00 3.029311991838312679e-02
-2.345423508331071716e+00 2.399783988374792898e-02
-2.339428283579045420e+00 2.474241189233339355e-02
-2.337110402534282372e+00 2.023483296687800248e-02
-2.343833120472385900e+00 2.381914035305499056e-02
-2.341045044997517977e+00 2.689698704543275198e-02
-2.351068253920091777e+00 2.222817102935437106e-02
-3.871779239592257227e+00 3.215215115621390396e-01
-2.348180521429993561e+00 1.988068165684353517e-02
-2.346309605061248860e+00 1.835945824595341946e-02
-2.350908588721027037e+00 2.354202787495296434e-02
-2.351427453672630286e+00 2.200902503713564329e-02
-2.351334540464655731e+00 2.253110314532591474e-02
-2.354726360433802235e+00 1.973002610247931443e-02
-2.346620737454192529e+00 2.119470453791905129e-02
-2.347203697635666941e+00 1.823913185816650184e-02
-2.338793589188521871e+00 1.896324206020949532e-02
-3.842530912711222157e+00 2.558812290793639477e-01
-2.340293837424714418e+00 1.476796849837569425e-02
-2.341752858041838969e+00 1.718007456588566129e-02
-3.910852281987072132e+00 2.690171853070637553e-01
-2.342496537927400979e+00 1.346477269365209395e-02
-2.343848426051311939e+00 1.946716343022103501e-02
-2.344887687820116362e+00 1.468529961289277708e-02
-2.345725439675221402e+00 1.459491163421944293e-02
-2.340260672905332129e+00 1.612315457629165394e-02
-2.341196129183121144e+00 1.282481152236414346e-02
-2.345241602356555433e+00 1.539360931150213219e-02
-2.342488405954403774e+00 1.279551404985568297e-02
-2.340313080852823191e+00 1.580606882322399542e-02
