-2.280869038370723523e+00 7.860284317348046557e+00
-1.958258552997902413e+00 7.420100692827702460e-01
-2.361515621248494234e+00 2.257349998809630165e+00
-1.969669689847551197e+00 1.093852527204234093e+00
-2.052809479138605120e+00 1.090652986687167925e+00
-1.947072219790879188e+00 3.542464352321559318e-01
-1.950233861613840602e+00 5.398536925840176082e-01
-2.001061143619763172e+00 4.327309661841240995e-01
-2.004682765068062977e+00 6.027497902476923741e-01
-2.122294111377188486e+00 4.494223621754969145e-01
-2.018363800373780492e+00 2.830414209731912933e-01
-1.971956514065521304e+00 1.961242029245084950e-01
-1.967157784120763253e+00 1.933239955461800719e-01
-1.968672618636267302e+00 1.513673580320613610e-01
-1.967691007893158428e+00 9.632472920660006821e-02
-1.974991389952666765e+00 1.236940017296035421e-01
-1.962630039631825696e+00 1.365095190091665245e-01
-2.058637265567559105e+00 1.528535827763874977e-01
-1.982355783609987654e+00 7.833844269497092228e-02
-2.139136494404384692e+00 2.594931573552941018e-01
-2.747543762452181113e+02 1.231314734825180466e+02
-1.993231276124504348e+00 8.814958098756164873e-02
-1.967788136435197899e+00 7.816440248015510406e-02
-1.978629826896995070e+00 9.987044372184072927e-02
-1.996887239989042939e+00 9.765325275807867911e-02
-1.250426737617249984e+00 1.247326947321629689e+02
-4.030649994486466881e+00 3.383342344577147287e+01
-3.291287479903602708e+00 1.855970122827386604e+00
-1.413429613582213307e+00 1.540113786094394754e+00
-1.381869297303383703e+00 9.324817710077013544e-01
-1.367489618864427214e+00 6.631666812770333763e-01
-1.248544301818302671e+00 4.636558717227501347e-01
-8.761868695216286085e-01 1.882450972347015750e+00
-7.317067168748536687e-01 3.982284257413652995e+00
-2.057761423132824063e+00 2.492919386095627488e+01
-1.647688726157941375e+00 3.393065048950489881e+00
-6.748868986952754057e-01 3.974775423216669878e-01
-8.194072807533157032e-01 3.171087605785487540e-01
-7.785587114201337755e-01 2.313379234624051151e-01
-6.365916680792036431e-01 1.746899937381556356e-01
-6.898716516594696202e-01 2.099119662097450600e-01
-6.877942194740835902e-01 1.990686913159152027e-01
-7.192168499404818505e-01 1.132156333158320649e-01
-6.606060302064005185e-01 1.288252936303990737e-01
-6.354412305731340638e-01 9.097219644576171049e-02
-6.525490046628501517e-01 1.069581279856208766e-01
-5.762939565435480915e-01 1.043217588499771864e-01
-6.398398667208589075e-01 8.726904992636264069e-02
-1.943270675904393840e+00 1.364284967559115103e-01
-7.022421999405565884e-01 7.933958200868573840e-02
-7.038624712267989025e-01 8.283907275097135425e-02
-1.955538530036577072e+00 3.759752211026068380e-01
-6.774342036332647865e-01 6.192160873951024769e-02
-6.637593132935126761e-01 6.778183270739646105e-02
-1.963822427290624617e+00 8.442314456246435839e-02
-6.482255320091816486e-01 6.004419915518610651e-02
-6.450392507138360543e-01 5.258257404878463603e-02
-5.915993486981729887e-01 6.129576837747663376e-02
-6.635811823377562035e-01 5.829542346154426014e-02
-6.042841317899885212e-01 4.898318313155414216e-02
-6.784374350064314996e-01 5.193820133192161848e-02
-6.621600117719275147e-01 5.220287059660222440e-02
-5.923562712580299205e-01 4.330381329828014714e-02
-6.017184997356377352e-01 3.854073091136456242e-02
-6.148465183290401370e-01 4.171766622869199637e-02
-7.285281926448536893e-01 3.508260872706614464e-02
-5.903973862902756053e-01 4.472991838397888387e-02
-5.775082820221868474e-01 3.738098775724552070e-02
-6.732006049999892383e-01 3.382560930808153898e-02
-6.256630320143550250e-01 3.693714311364715286e-02
-6.680899619631741615e-01 3.272296247592976215e-02
-2.015238424785342097e+00 7.198424621014964941e-02
-5.904253851708887169e-01 3.877081553645211898e-02
-5.456783240738367624e-01 4.108168468852113620e-02
-6.895242273352586437e-01 4.388582469238144768e-02
-1.996553959079221841e+00 5.103796679520655744e-02
-6.280583776009915908e-01 2.796218066723099582e-02
-5.944918392162588106e-01 3.484755454158516841e-02
-5.894982244049806752e-01 2.831178836635217522e-02
-6.279874431689922432e-01 3.180029120409244570e-02
-6.833034393271386620e-01 2.195653646776918322e-02
-6.320950386125989695e-01 2.531762914026103317e-02
-6.435778338762130346e-01 2.568360300867311707e-02
-6.298950007158072850e-01 2.231717560746915296e-02
-5.968697429234310903e-01 2.618460573287961779e-02
-6.646538553117373738e-01 2.307609492677897833e-02
-6.030683150983069396e-01 2.521682826520077469e-02
-6.986872313548460056e-01 2.137646676649751498e-02
-6.604166518368703720e-01 2.174026781833049426e-02
-7.005454344329713479e-01 2.198642666402861323e-02
-6.347385679476289511e-01 2.501285624953197839e-02
-6.757017131211018324e-01 2.225836652172574759e-02
-6.408700622011451742e-01 2.609388708773963117e-02
-6.335174446181532915e-01 2.479206316874638105e-02
-6.765602535405115248e-01 2.416537672530694181e-02
-1.985351770628168921e+00 5.271440659029735798e-02
-6.153716136771354428e-01 2.352365852075877228e-02
-7.090121516228400367e-01 2.700134741428428242e-02
-7.193330823561172593e-01 2.300822159912740972e-02
-6.163118320962261976e-01 2.190591601168989655e-02
