-4.652423112942895500e+01 2.139802064690694010e+02
-6.775489826295694407e+00 2.797387747782003089e+02
-6.599220483426901041e+00 2.823685058162158157e+02
-5.170289209038856626e+01 2.502815902060772260e+02
-5.093200372011525445e+01 1.181846539586575062e+02
-1.385815771518690021e+01 2.440596388121167024e+02
-5.954975825234442688e+00 4.273623331972439132e+01
-2.471857914972845016e+00 2.615663219173266185e+01
-2.803951565162048354e+00 1.193859887473865911e+01
-2.103695725203444944e+00 1.187987242631099605e+01
-1.899056444231725038e+01 2.868755470250764574e+02
-1.060767030755312135e+02 2.829205455146336021e+02
-1.458721908793955606e+02 2.793705828808271008e+02
-1.948384870402728453e+00 4.952157805049409944e+00
-2.071887133468952591e+00 7.520074603544443903e+00
-2.140665509801901401e+00 5.760130859607301090e+00
-2.099758192935511580e+00 4.527456850427753920e+00
-2.027057131925355193e+00 3.011559906699858402e+00
-1.976913899863879109e+00 2.571319690775879963e+00
-2.004955046955029019e+00 2.573996405784527042e+00
-2.008112616758186419e+00 1.988280274694886884e-01
-1.997518423517206543e+00 1.185469457829526618e-01
-2.004446549836781166e+00 1.132605800351029757e-01
-1.983161324064155906e+00 1.416474863483756508e-01
-3.853868871459066980e+00 7.579624145790830880e+00
-1.955715297537249597e+00 1.347168171693340355e-01
-1.961693301613916418e+00 7.059596093478148759e-02
-1.952963636048634655e+00 1.056705964977595613e-01
-1.161599485792535802e+01 2.190553044792793571e+02
-2.042399760895905914e+00 1.144921980497457525e+00
-1.979743292387500020e+00 6.500712792038143562e-02
-1.970192310149609938e+00 4.853174319137565362e-02
-2.155523206899208510e+00 2.193362929737077138e-01
-2.014690457448460315e+00 9.384251888127437269e-02
-2.009927564868577043e+00 5.947498040382015461e-02
-1.962260476394041220e+00 8.078924594641989643e-02
-1.975354981049980196e+00 7.710481109080546958e-02
-1.959564002349072354e+00 1.485275041004285868e-01
-1.949738057417855330e+00 1.088387001300930024e-01
-1.960229716345400774e+00 4.563715871526596857e-02
-1.986646769065151474e+00 4.401222848520092157e-02
-1.943177035482657189e+00 9.207990716564040667e-02
-2.000870873726555921e+00 4.777059463438604325e-02
-1.972957742675417236e+00 5.148630536183418371e-02
-1.966553604472371930e+00 4.307084581827780312e-02
-1.969457607363372276e+00 3.499644019103698156e-02
-1.981612379091354015e+00 5.707359925511923393e-02
-1.958780247482748038e+00 4.781613388792038677e-02
-1.951834899162966153e+00 4.248339609776508041e-02
-1.955783509342142068e+00 4.018129702953388005e-02
-1.977167608539737387e+00 3.036528665359128354e-02
-1.964629590571064455e+00 5.421982565755456562e-02
-2.369083664331707695e+00 2.592141298853505305e-01
-1.979804333276156569e+00 3.621795836318142392e-02
-1.972076209031513372e+00 2.806097936695550743e-02
-1.969696530795552292e+00 2.580567518029397434e-02
-1.950884946215547089e+00 3.335501026205633934e-02
-1.987457372928986388e+00 2.268524557086948334e-02
-2.345606492488860439e+00 1.377010291449209944e-01
-1.961147898891862695e+00 2.470884665504513578e-02
-1.984007936338622713e+00 3.012913506580616740e-02
-1.974542646622557740e+00 3.361664270718733860e-02
-1.952959103567309285e+00 2.721479944281668395e-02
-1.996547708753983130e+00 2.061863451942258507e-02
-1.946839938094633737e+00 2.621435238339131502e-02
-2.424091357377498035e+00 1.728135072712291276e-01
-2.221979385915409999e+00 1.175069576497662638e-01
-1.944008419634243978e+00 3.379521173204125262e-02
-1.972068630483397200e+00 1.961963208256634061e-02
-2.313978221245638345e+00 1.233245583996449568e-01
-1.989796712514973365e+00 1.629343114694847827e-02
-2.255497117080086156e+00 1.881028174229015804e-01
-1.946424887807852500e+00 2.953393740679643997e-02
-1.967772917515569375e+00 1.577932117231739539e-02
-1.959034627364975023e+00 2.362156552689498312e-02
-1.974447135895912808e+00 1.901702754824441399e-02
-1.943179989526052864e+00 3.931922490113493041e-02
-1.963137095062100101e+00 1.818646340723262256e-02
-2.429257655641816172e+00 1.754384585964885446e-01
-1.963070935673917106e+00 1.533435930701898542e-02
-1.954451732103358097e+00 1.822977217469201605e-02
-1.980924873117904994e+00 1.546515829784311791e-02
-2.381753332329603623e+00 1.496415913921680385e-01
-1.980980445028359682e+00 1.598788073366108620e-02
-1.952650686598401464e+00 1.839012033752851494e-02
-1.949228647312112983e+00 1.895110770971086822e-02
-2.325662113015396493e+00 1.396584796302704490e-01
-1.976819416393762907e+00 1.361360279864243239e-02
-1.969495692390456298e+00 1.152165669617488675e-02
-1.968563909053115069e+00 1.407671849997882418e-02
-1.955099718158596289e+00 1.590638253134102342e-02
-1.962993555146461233e+00 9.811257477394974558e-03
-1.948531862496981404e+00 1.703167947303541041e-02
-1.957084536589258406e+00 1.433652391756368161e-02
-1.953852081983528777e+00 1.389274658279759933e-02
-1.947071227286624406e+00 1.547283240722663322e-02
-1.958611510438089454e+00 1.321447540260578535e-02
-1.944022676631877999e+00 2.339635961101294015e-02
-1.954274076699173079e+00 1.173192670597700271e-02
-1.959951510724543766e+00 1.262557398078456572e-02
