-4.787562945780046419e+01 2.371336851184627790e+02
-1.750829951577816601e+01 2.784573704372812131e+02
-2.583829307261202501e+01 3.095783004536176577e+02
-1.750829951577816601e+01 2.876831640188108850e+02
-5.954975825234442688e+00 3.503236034556125844e+01
-1.968287506397770059e+00 2.844515874130109978e+02
-1.893659341694133857e+00 2.570486864481774774e+02
-4.584653899548075451e+00 2.298877151973934474e+02
-1.873418994179269603e+00 7.111247905683796944e+00
-2.182927063461748141e+00 6.523049819700361240e+00
-3.820964331605162911e+00 1.429783190450982033e+01
-2.505924291473793808e+00 8.230054827051276334e-01
-2.347002137085571150e+00 2.403645766769670900e+00
-2.364420439988482947e+00 9.937800364819509014e-01
-2.008848518179611631e+00 3.580357212279068335e-01
-3.154395168821497286e+00 8.462844349100464569e-01
-1.887786031967994660e+00 8.111636854862354085e-01
-1.850137622591834230e+00 2.352691796150452319e-01
-1.855009736376144858e+00 4.324063154778627904e-01
-1.922853153902250867e+00 1.823739488142734899e-01
-1.909830145653804934e+00 1.199514970664665725e-01
-1.909404453042380823e+00 1.157499818475571374e-01
-1.868862401590437372e+00 9.781249556581883553e-02
-1.889627397879250381e+00 1.113564149299577366e-01
-1.886124041698085563e+00 1.025007089322400589e-01
-5.954975825234442688e+00 3.333157472031302859e-01
-1.904520251802198416e+00 7.871861354939824196e-02
-1.914418822801970066e+00 7.284139948225742955e-02
-5.954975825234442688e+00 2.857779205134249878e-01
-1.904331117658399464e+00 6.904878362612976161e-02
-1.901526257011230570e+00 5.578354392918072335e-02
-1.913713257321425942e+00 7.747755362126440559e-02
-1.959535844938132598e+00 9.872325342848853325e-02
-1.891253027651591978e+00 6.751695527520951146e-02
-1.866953095475874846e+00 5.865301767389041743e-02
-5.954975825234442688e+00 3.050774006432277474e-01
-1.902665922321347125e+00 6.453352104637133380e-02
-1.876261822941952317e+00 6.323860244089019034e-02
-1.898158295366190629e+00 3.502942766647265671e-02
-1.533529732357145470e+01 1.653964575025707973e+01
-1.887843372946273135e+00 4.911415902165572334e-02
-1.897664582519031029e+00 2.966151384637782940e-02
-1.879026909088477026e+00 3.924871340709046308e-02
-1.886149222711992479e+00 4.801753912366280019e-02
-5.954975825234435582e+00 2.514935051417808154e-01
-1.902382341600697302e+00 3.428947940309967635e-02
-1.883504316834466508e+00 2.144722251364328258e-02
-1.876845734340545135e+00 2.864856689964767611e-02
-1.875270515372847058e+00 2.831560602237459534e-02
-1.888595366841666845e+00 2.510896071132151519e-02
-1.880223476905078073e+00 1.844066857353254818e-02
-1.872773376139869939e+00 2.335344098042924088e-02
-1.889670130195099773e+00 2.678465243357663894e-02
-1.857718025327143252e+00 3.176767743178743331e-02
-1.859074546258977279e+00 3.128822105347239813e-02
-1.859019088602481773e+00 2.584842652416341480e-02
-1.878912835229487044e+00 2.830963983961964914e-02
-1.878555079545794371e+00 2.498800690298708105e-02
-1.876063858676584317e+00 2.123129193989825581e-02
-1.863047104349844219e+00 2.868639127785854726e-02
-1.881068020212477876e+00 2.182504953006514370e-02
-1.873277991797070996e+00 1.584425016341128867e-02
-1.873879294348121505e+00 1.898680682828057797e-02
-1.881932632692031149e+00 2.036184085849868097e-02
-1.882586861895346075e+00 2.070044903291545779e-02
-1.879377919361163052e+00 1.478449776843149266e-02
-5.954975825234442688e+00 1.821170578987505451e-01
-1.877972945053706155e+00 1.622652424566695117e-02
-1.882404618431353427e+00 2.023037631667534697e-02
-5.954975825234442688e+00 2.334913619413896413e-01
-1.883483363760856122e+00 1.492113002936434896e-02
-1.875872158808117973e+00 2.029623549444181663e-02
-1.878142696978608583e+00 1.799455994139975701e-02
-1.885989917152430806e+00 1.441771836914540472e-02
-1.888001744463306153e+00 1.352895323051939158e-02
-1.888054541627182559e+00 2.421958229811593810e-02
-1.889421004734437304e+00 1.319614151151426995e-02
-1.891083086567844518e+00 1.380881908670517078e-02
-1.888220438994206773e+00 1.855446663427073872e-02
-1.893596665880156849e+00 1.524075914662148534e-02
-1.879335912270233777e+00 1.487128188401243278e-02
-1.891898841064087122e+00 1.626511669141450511e-02
-1.898507796331630360e+00 1.708759660749592513e-02
-1.906978514399257918e+00 1.541811518814029114e-02
-1.893752299815989915e+00 1.519496339702186560e-02
-1.885632358179035961e+00 1.527094375538240456e-02
-1.874300011790502651e+00 1.347294528449083373e-02
-1.875453214391818335e+00 1.427127287175267156e-02
-1.476422147349534164e+01 1.637298931551001147e+01
-1.887816648621335247e+00 1.496568823660027192e-02
-1.891366038669822558e+00 1.671547784718541152e-02
-1.865279928533436049e+00 1.455902029613298510e-02
-1.866398720088957575e+00 1.489678385419779261e-02
-5.954975825234442688e+00 2.540066322292773293e-01
-1.875635564823209478e+00 1.327257743417931124e-02
-1.891241661544617259e+00 1.658476189871294082e-02
-1.878977069671263322e+00 1.481131649390476923e-02
-1.873737651160574558e+00 1.248334013990870517e-02
-1.865768866751926325e+00 1.403211026291728558e-02
-5.954975825234442688e+00 2.329674205059291126e-01
