-5.954975825234442688e+00 3.769125829898439406e+01
-5.954975825234442688e+00 2.263630020025727774e+01
-5.954975825234442688e+00 1.935225649710069007e+01
-5.954975825234442688e+00 1.821637809303884481e+01
-5.954975825234442688e+00 1.552883161399608625e+01
-5.954975825234442688e+00 1.354774106038253834e+01
-5.954975825234442688e+00 1.088348093457924648e+01
-5.954975825234442688e+00 1.103636890603711151e+01
-5.954975825234442688e+00 8.434257469550509256e+00
-5.954975825234442688e+00 9.126657409319534509e+00
-5.954975825234442688e+00 8.347418323799676187e+00
-5.954975825234442688e+00 8.408193096260031751e+00
-5.954975825234442688e+00 6.931053887268966207e+00
-5.954975825234442688e+00 6.125201889180445392e+00
-5.954975825234442688e+00 6.554181776451947883e+00
-5.954975825234442688e+00 5.594130744763823770e+00
-5.954975825234442688e+00 5.156707328261987300e+00
-5.954975825234442688e+00 5.335296905937777723e+00
-5.954975825234442688e+00 5.796802059293856502e+00
-5.954975825234442688e+00 4.552221296675632800e+00
-5.954975825234442688e+00 4.592387105418740845e+00
-5.954975825234442688e+00 4.026556133809471305e+00
-5.954975825234442688e+00 4.136026788267244569e+00
-5.954975825234442688e+00 3.918475970543703113e+00
-5.954975825234442688e+00 3.822658498262939020e+00
-5.954975825234442688e+00 3.060543644301830568e+00
-5.954975825234442688e+00 1.781559984156054099e+00
-5.954975825234442688e+00 1.752355755092498413e+00
-5.954975825234442688e+00 1.693657185348069305e+00
-5.954975825234442688e+00 1.778769862030632254e+00
-5.954975825234442688e+00 1.594757816705921982e+00
-5.954975825234442688e+00 1.822216057990264204e+00
-5.954975825234442688e+00 1.307863056148207193e+00
-1.509445077077448438e+01 9.112371285795336462e+01
-2.673081063947727642e+01 1.475160447242654982e+02
-1.750829951577816601e+01 1.708136705655261949e+02
-1.949206103228689813e+00 8.250974498011487412e-01
-1.950051473849855554e+00 8.373026085688763942e-01
-1.959313048857332262e+00 5.106802527873526287e-01
-1.963109155179756371e+00 2.474526397042637882e-01
-1.992157050156627918e+00 2.644946409357800121e-01
-1.965176717488857250e+00 3.036620482142922128e-01
-1.981102427235905239e+00 1.584623923850614347e-01
-1.966667617231856013e+00 1.496643667575483505e-01
-1.973512978237568660e+00 1.285137813432584153e-01
-1.970746109514244893e+00 1.155352282623312021e-01
-1.956016199794927246e+00 9.717039436660002139e-02
-1.950637437091424786e+00 7.610753496977906707e-02
-1.967157737439746867e+00 7.102328973137161938e-02
-1.963395360350579821e+00 5.937716378316792998e-02
-3.673838455289839544e+01 1.151770358860404713e+02
-1.977656418687121942e+00 9.979173015652520462e-02
-2.008778485210464204e+00 1.167473682058357554e-01
-4.857242475258829018e+00 9.162079538342581486e+00
-1.981933830539357899e+00 9.296578736545768606e-02
-2.103965786251652759e+00 1.423022552742310154e-01
-2.046096171817140430e+00 1.131759564807595098e-01
-2.029607469155694233e+00 9.397675239627290011e-02
-2.018799573958847127e+00 6.834119456718212859e-02
-2.045881885927739674e+00 8.013966712410081072e-02
-2.014179411553333132e+00 9.515532397803383446e-02
-2.056242037617823648e+00 6.449720919484036585e-02
-2.020120313885258589e+00 6.625801517340335067e-02
-2.044511913608160647e+00 4.946683137487184467e-02
-2.083336376309459226e+00 6.253417648375148019e-02
-2.008793599558889476e+00 4.005006892690232689e-02
-2.070902137797258291e+00 6.876027710966070572e-02
-2.158475497925244291e+00 9.398041074749130530e-02
-2.006272212056670945e+00 5.448026287194807082e-02
-2.136824684688692244e+00 7.305851283202002833e-02
-2.071961403029088267e+00 5.016435823651477222e-02
-2.054305717782626495e+00 5.952354203326137849e-02
-2.077292422060390997e+00 5.093959991023666589e-02
-2.084937971887629082e+00 4.080344933205992675e-02
-2.138968459952995893e+00 6.162519336366756306e-02
-2.111000081390210781e+00 5.250450911087511940e-02
-2.024520901887585822e+00 4.569917969642744993e-02
-2.112984988300446787e+00 4.838186755317508414e-02
-2.119309635324736263e+00 4.681064270297952135e-02
-2.084148870110976937e+00 4.897809335734848446e-02
-2.168389398380124788e+00 1.369793484432264563e+00
-2.090905230526726832e+00 3.281612937988143130e-02
-2.444377912851828150e+00 1.460369665833638919e+00
-2.177760321295562740e+00 6.841906343038317573e-02
-2.078239333751290552e+00 4.340350232615719506e-02
-1.989860774449807579e+00 4.373098877236714088e-02
-2.472234647685240816e+00 8.963483651616286352e-01
-4.210389216656807321e+00 2.047145148234500311e+01
-2.080082230606063121e+00 3.674108411341592273e-02
-2.029533622677640814e+00 3.199701277434030544e-02
-2.002391936523791216e+00 3.908886583245418933e-02
-2.047055387391790937e+00 3.013661922122423675e-02
-1.238161212359923269e+00 5.889682809650338413e-01
-2.021194312767900847e+00 2.698623770289998447e-02
-1.061704360788480628e+00 3.260068108746168036e-01
-1.080776994835368043e+00 2.604565818948714195e-01
-7.614333103200454644e-01 2.852744385893402068e-01
-1.371746194073121927e+00 1.832251335164443162e-01
-7.107570860700640480e-01 3.027280975596227108e-01
-1.440562407916836207e+00 1.592788318261142422e-01
