-5.954975825234442688e+00 2.769769739907039607e+01
-5.954975825234442688e+00 2.001810939663726430e+01
-5.954975825234442688e+00 1.741572982967577232e+01
-5.954975825234442688e+00 1.634425990565821607e+01
-5.954975825234442688e+00 1.360933647049713358e+01
-5.954975825234442688e+00 1.120698739706949354e+01
-5.954975825234442688e+00 9.809024523781189941e+00
-5.954975825234442688e+00 8.731882939826224543e+00
-5.954975825234442688e+00 8.114064532558643350e+00
-5.954975825234442688e+00 8.220424371152191156e+00
-5.954975825234442688e+00 6.870724845711265516e+00
-5.954975825234442688e+00 6.041496745749086017e+00
-5.954975825234442688e+00 6.099412499909242058e+00
-5.954975825234442688e+00 5.197858813843915016e+00
-5.954975825234442688e+00 4.709409690654361214e+00
-5.954975825234442688e+00 4.911542834646027700e+00
-5.954975825234442688e+00 4.436737482831897950e+00
-5.954975825234442688e+00 4.305159708294304721e+00
-5.954975825234442688e+00 4.186869875448586242e+00
-5.954975825234442688e+00 4.051380741515512085e+00
-5.954975825234442688e+00 3.828523731258883345e+00
-5.954975825234449793e+00 3.517675501273867411e+00
-5.954975825234442688e+00 3.641175997170492451e+00
-5.954975825234442688e+00 3.035892032373837424e+00
-5.954975825234442688e+00 3.304549557134009774e+00
-5.954975825234442688e+00 2.018871408097552944e+00
-5.954975825234442688e+00 2.816694120539946056e+00
-5.954975825234442688e+00 2.466566512534726030e+00
-5.954975825234442688e+00 3.133585600012754213e+00
-5.954975825234442688e+00 2.070518797150171508e+00
-5.954975825234442688e+00 2.150778270625529842e+00
-5.954975825234442688e+00 2.328446487407035193e+00
-5.954975825234442688e+00 2.015183529390753847e+00
-5.954975825234442688e+00 1.921425455891018430e+00
-5.954975825234442688e+00 1.925454316031611768e+00
-5.954975825234442688e+00 1.834962150734163799e+00
-5.954975825234442688e+00 1.816963618048113460e+00
-5.954975825234442688e+00 1.541883374493608017e+00
-5.954975825234442688e+00 1.535320001759771458e+00
-5.954975825234442688e+00 1.655084487775773994e+00
-5.954975825234442688e+00 1.758804731945019739e+00
-5.954975825234442688e+00 1.330112901108265078e+00
-5.954975825234442688e+00 1.399817633420894936e+00
-5.954975825234442688e+00 1.441264290140068738e+00
-5.954975825234442688e+00 1.465309108210938405e+00
-5.954975825234442688e+00 1.278637111257268089e+00
-5.954975825234442688e+00 7.916767690254857825e-01
-5.954975825234442688e+00 1.222807334936462098e+00
-5.954975825234442688e+00 1.321802290978169481e+00
-5.954975825234442688e+00 7.379454866729844298e-01
-5.954975825234442688e+00 1.150715602036349594e+00
-5.954975825234442688e+00 1.073288053784494878e+00
-5.954975825234442688e+00 1.288962482750889649e+00
-5.954975825234442688e+00 9.339086621035548319e-01
-5.954975825234442688e+00 1.148644402750626625e+00
-5.954975825234442688e+00 1.005033212959915545e+00
-5.954975825234442688e+00 5.433578027978356317e-01
-5.954975825234442688e+00 9.948471666439360206e-01
-8.732758204147327064e+00 1.343286383270002204e+02
-3.587634077816208844e+01 1.719248388448758647e+02
-2.632523518894226200e+00 1.872788117531516150e+02
-8.182574362275797597e+00 6.246525247428436245e+01
-1.667216156368959901e+01 8.889219179481148103e+01
-1.602489001288663673e+01 5.692708076592732169e+01
-1.458721908793955606e+02 1.704515605081996341e+02
-2.049614614925986622e+00 9.265459142856826702e-01
-2.059520537629964565e+00 5.927200901609808170e-01
-1.985102478028375472e+00 2.747755379527774267e-01
-2.127475806519731449e+00 2.996111470579450042e-01
-2.078960537125960073e+00 2.647712463253242277e-01
-2.515754399790087525e+00 7.652236351419219318e-01
-2.784616501389956866e+00 6.349405968002486134e-01
-2.005641515125077490e+00 1.243314042726467505e+00
-1.964604396840080369e+00 2.528404835264851158e+00
-1.943854278034153893e+00 9.486859535958416245e-01
-1.965686524174911298e+00 4.108995641618520267e-01
-2.007799166702600502e+00 2.492455159833752987e-01
-1.981317039536142133e+00 2.038273806567758584e-01
-1.989015598279143759e+00 2.088660487698774659e-01
-2.002693770577034016e+00 1.408119334690383084e-01
-2.125145759543729085e+00 1.728706195115279343e-01
-2.028278064367102118e+00 1.066958884435393884e-01
-2.046636272680572688e+00 1.042690811408846230e-01
-2.053323910494488480e+00 9.308579661205840239e-02
-2.051626369924713700e+00 2.177527948517763434e-01
-2.040136518836249913e+00 6.622308580710978276e-02
-2.052828735609510957e+00 5.471715220869555196e-02
-2.046031004424098576e+00 7.024861410526739292e-02
-2.059099088999461813e+00 6.541969311534501230e-02
-2.033972913120269510e+00 4.827086934780311367e-02
-1.987956832451203582e+00 1.325660421444752046e-01
-2.059972144505806568e+00 5.542138858098155652e-02
-2.061045464775612679e+00 4.820363398920335385e-02
-1.988510831530021505e+00 1.389168383013554831e-01
-2.064930606003144931e+00 4.731615606496575310e-02
-2.060403665665909045e+00 5.146599499788351295e-02
-2.067381387035105433e+00 4.602222008067258230e-02
-2.065797317441890435e+00 4.383468333557516416e-02
-2.063595098217435364e+00 3.959509006126893382e-02
-2.065418097734172953e+00 3.353028512538003270e-02
