-1.001477185328561887e+02 1.499093594347784233e+02
-5.954975825234442688e+00 3.298800955929191048e+01
-1.750829951577816601e+01 2.534166176155819983e+01
-5.954975825234442688e+00 5.391741681129565222e+01
-2.198650709387906943e+01 1.588559070598410869e+02
-5.954975825234442688e+00 1.764583501292876235e+02
-5.954975825234442688e+00 1.809125099598956297e+02
-2.842914620562685180e+00 2.197527512679402832e+02
-2.824735219815354270e+01 3.053602438896569993e+02
-2.627364913848114725e+01 3.241192723897768246e+02
-1.892232253554384513e+01 3.208598244080059203e+02
-9.983858396301447158e+01 3.084843233858605913e+02
-2.243739566163243992e+00 7.430569884552673443e+01
-3.349959641321301973e+00 7.513009399797570609e+01
-5.954975825234442688e+00 3.078131269320064689e+01
-5.954975825234442688e+00 1.484158155467014240e+01
-3.640037163336539372e+00 7.253215000257227985e+00
-2.095658743928513701e+00 2.232154298920960400e+00
-2.156984505247437234e+00 7.000732104469307160e-01
-5.954975825234442688e+00 2.993981870869362183e+00
-1.917567507190176102e+00 3.963635487989733974e-01
-1.891058652145253660e+01 2.998068405414699100e+02
-1.692705229456441529e+00 6.173512987662661544e-01
-2.085706098029500133e+00 3.235326748435340960e-01
-1.908933850358890183e+00 3.404797290915837493e-01
-3.169269485856619184e+01 3.194394009003717088e+02
-1.914485623647504298e+00 1.616911633966537920e-01
-5.954975825234442688e+00 1.492567730570328877e-01
-1.770879176330701910e+00 1.521702638891895276e-01
-5.954975825234442688e+00 2.257839969097403809e-01
-1.980143902095164776e+00 1.900061730905804325e-01
-5.954975825234442688e+00 2.008830436519133400e-01
-1.912265244327633340e+00 1.714155470104685719e-01
-1.790634156688248879e+00 8.737040362100856328e-02
-5.833880276615191818e+00 2.574019427353528044e+01
-1.845714844941054977e+00 1.503299451077566573e-01
-1.806815281317110333e+00 8.319762573555067320e-02
-5.954975825234442688e+00 1.745287400480890483e-01
-1.523387513307936203e+00 2.335218324319043859e-01
-1.757273374181774983e+00 7.562370291913111942e-02
-2.018651770218661490e+00 2.686800275412231827e+02
-5.954975825234442688e+00 1.444121846000996356e-01
-1.695240804580095073e+00 8.162150703731185786e-02
-1.683710669486272238e+00 3.942339494849989023e-02
-5.954975825234442688e+00 1.295792811503986286e-01
-2.353882955509552843e+00 2.225087840561172925e+00
-4.045216629023833832e+00 1.423366853324321823e+01
-5.954975825234442688e+00 1.648538807198178802e-01
-1.636988776565001302e+00 3.971692115240443854e-02
-1.689088427497756228e+00 5.258365306653445259e-02
-1.778244390420283594e+00 4.296577165581538793e-02
-2.444750858437503283e+00 2.474109604359000514e-01
-2.348905159616340832e+00 3.926008119469486246e-01
-1.708975256783372032e+00 3.771093504292366561e-02
-1.767937329645519640e+00 3.948321027189649612e-02
-5.954975825234442688e+00 1.514638451556322707e-01
-1.750771091504141452e+00 4.079871715941862931e-02
-1.742952123232806017e+00 3.799336794477881085e-02
-1.713619054464325941e+00 3.693607316316160905e-02
-2.291336570412749296e+00 2.595498348809428535e-01
-1.740051805934989204e+00 3.332606780392666224e-02
-1.720641517896307704e+00 2.935583960879739607e-02
-1.761816537527945314e+00 3.523708430924443746e-02
-1.786761039489860536e+00 3.517664543318232973e-02
-1.725955254958186913e+00 2.120786529758333927e-02
-1.749945780808870310e+00 2.819178711894210210e-02
-1.754281062142663217e+00 2.261300976235247617e-02
-1.642730958958866339e+00 4.777163524073557710e-02
-1.790960587948477567e+00 3.156334971274077361e-02
-2.366455325097195583e+00 1.839435888146283560e-01
-5.954975825234442688e+00 1.353135699220047172e-01
-1.767258561393813210e+00 2.989679935981826020e-02
-1.754175823350450969e+00 2.329338029443306368e-02
-1.801622612586111671e+00 2.564215756405019420e-02
-1.815232613517441251e+00 3.191357333736277724e-02
-1.802866828573820968e+00 2.588071276244363617e-02
-1.722744808370004321e+00 3.015512228770944603e-02
-1.769540801884359027e+00 2.064359173806451508e-02
-1.722700669811878527e+00 2.473664892576721286e-02
-1.171318833656040326e+01 8.319023079640317064e+00
-1.791488212403379521e+00 2.519330983571421712e-02
-1.651686279247376987e+00 2.446583042060979096e-02
-1.753749079063380734e+00 1.823647596242494728e-02
-1.719963193479769004e+00 2.238354520503094136e-02
-1.802928736578408575e+00 2.145290490886964108e-02
-1.749898010872531273e+00 1.853487155204902592e-02
-1.757314265371947570e+00 1.437634093915107769e-02
-1.748743652319816988e+00 1.956370023725639840e-02
-1.754346827962290689e+00 1.628754786258923559e-02
-1.828843416515443465e+00 3.081658342381388138e-02
-1.778339382117625433e+00 1.726864591449839281e-02
-1.767780491316496949e+00 1.407858346018997509e-02
-1.778663810806452972e+00 1.785538344628889718e-02
-2.355553461885038224e+00 1.845316954262159470e-01
-2.335698932533626149e+00 1.496222557993007740e-01
-9.787361922795449587e+00 2.412915537154361800e+00
-1.735958271001329933e+00 1.501783949404966734e-02
-1.736474407518494800e+00 1.176107407385984516e-02
-1.747896655578317748e+00 1.716239570191646635e-02
-1.787670022393740510e+00 1.797244808506093250e-02
