-1.750829951577816601e+01 5.407317100906895746e+01
-1.750829951577816601e+01 6.819715823388276021e+01
-5.954975825234442688e+00 7.163682107968293167e+01
-5.954975825234442688e+00 7.165615666023498420e+01
-5.954975825234442688e+00 4.394908666045015622e+01
-5.954975825234442688e+00 2.836432375102087633e+01
-5.954975825234442688e+00 2.017606361695928285e+01
-2.224212874277301566e+01 1.169333508721561401e+02
-1.007763653923933944e+01 8.212821295033138824e+01
-2.343488787959927322e+00 3.012506881992438821e+02
-2.982508894373401631e+01 2.821524645753144114e+02
-8.296268936063242450e-01 4.720308644749991345e+00
-1.061621553264530959e+01 1.468094343095862655e+02
-6.345306385813184846e+00 9.381213724460991443e+00
-3.425148859287209469e+00 4.241521956265927429e+00
-1.917229638074295650e+01 3.086760763496626510e+02
-1.859361663831645473e+00 2.493618111061351783e+00
-7.802647771532313925e-01 1.252612897694291405e+00
-5.186074269338778464e-01 3.934958863687825215e-01
-5.243728163029359735e-01 1.986203686614942399e-01
-5.423602934498195083e-01 2.351073276533668377e-01
-5.812896915926728525e-01 1.899601918570681391e-01
-5.397513889288951816e-01 2.236796840971635447e-01
-5.674399761561552680e-01 2.493091469180512831e-01
-5.248824931368503144e-01 1.906253457309219357e-01
-5.303778932284455294e-01 9.589625973924853497e-02
-5.863365123676516077e-01 1.415386637243898349e-01
-1.859198036781407382e+00 3.788696653074907772e-01
-5.834417806245379978e-01 1.022259454309164539e-01
-1.849886522423888735e+00 4.435768327266487177e-01
-5.589735371467785541e-01 6.874941342820761747e-02
-6.939943024943495686e-01 9.240469458038091943e-02
-1.849813930863206224e+00 1.827568088154123416e-01
-6.048299054343093673e-01 6.485407251787478344e-02
-1.851893462870341622e+00 1.946427383699074198e-01
-5.361878821676739904e-01 6.753910329183554495e-02
-1.851763191899600258e+00 1.873564347205842751e-01
-5.304878981955809536e-01 6.507951266405598290e-02
-1.853043161788029636e+00 1.504763853304780241e-01
-5.233681206192688506e-01 5.156288407610531976e-02
-6.248674217323344493e-01 7.402499867612277740e-02
-1.852413437864573353e+00 1.068246776600858539e-01
-6.149679689823877027e-01 8.284119032660441917e-02
-1.853199123644607482e+00 8.483486018494090786e-02
-6.080841472042521900e-01 6.494899796444997264e-02
-1.864177745914814111e+00 7.006976906993145349e-02
-6.352837348158466568e-01 7.691791169114026161e-02
-1.862556762563164270e+00 8.520662235576992316e-02
-1.855886872652893871e+00 7.935885217199256658e-02
-5.836717782378375574e-01 4.975604738936567628e-02
-6.163979700086077429e-01 4.636928987949318071e-02
-1.855048086631301274e+00 8.711122693745210199e-02
-6.036912234650912978e-01 4.423082320590765448e-02
-5.599780477838862680e-01 3.015270205787601299e-02
-5.724027353706802046e-01 4.098341828293428080e-02
-5.687176352491150055e-01 3.991160040203567405e-02
-5.698886960864797402e-01 4.236052849415727906e-02
-8.209094234365856835e-01 6.847528212313136464e-02
-5.954975825234442688e+00 2.913880598048592674e-01
-5.511473180885246848e-01 4.207522119946816019e-02
-1.850068042980359095e+00 6.153503118525804894e-02
-5.954975825234442688e+00 2.248301855671570593e-01
-1.895762404271804868e+00 7.602373176129617605e-02
-5.910406989379843878e-01 3.922043465004776408e-02
-5.732357063150086418e-01 3.112486627657062854e-02
-5.515381697603558564e-01 2.547330275820058887e-02
-6.343306545477513936e-01 2.934688843478738818e-02
-5.514090789183327956e-01 3.068471641373093917e-02
-5.968599975317090411e-01 2.835956534980255128e-02
-5.272351427218850972e-01 2.950855796939322317e-02
-1.850121598268408718e+00 3.572695499167366506e-02
-6.153934311178819172e-01 3.229777997381688692e-02
-5.749534391026713820e-01 2.900358358439802942e-02
-5.771855748203478242e-01 2.744168298715976562e-02
-5.764939013347802899e-01 2.506657502976850083e-02
-1.851093243894029072e+00 5.305858465973756211e-02
-1.851048089322066659e+00 3.692530536616800418e-02
-5.720153878116853718e-01 1.966829479960097160e-02
-6.071300785878328554e-01 2.236767236144032722e-02
-6.177091618568955056e-01 2.636432486875150971e-02
-1.853048842222804637e+00 4.086093327373419015e-02
-6.247579350980263513e-01 2.997260257009770612e-02
-6.011001338375177028e-01 2.191682244719572736e-02
-1.851621946519253825e+00 3.953975014385946452e-02
-5.788405923915842521e-01 1.855621536512330749e-02
-1.860192022571322212e+00 3.519225207062959271e-02
-5.822736119224920515e-01 1.997668860852286343e-02
-1.891875839904978207e+00 4.841673230748710921e-02
-1.850472381727842119e+00 2.933263731625856963e-02
-1.850851136070120972e+00 3.366553764212198985e-02
-5.745553973020722793e-01 1.653978653689591738e-02
-5.789959171494665213e-01 1.704000384665960155e-02
-5.789327410633973159e-01 2.039477265867617461e-02
-6.024992504244650604e-01 2.368452391766595611e-02
-1.850058226185375077e+00 4.507304707755110940e-02
-5.945528573280718376e-01 1.643571375458918737e-02
-6.619287900108510314e-01 2.429108503832821953e-02
-6.142806568121130795e-01 1.782113296022203031e-02
-1.849898772749536846e+00 2.911155846038582240e-02
-6.026750768650739332e-01 3.890496642259222426e-02
