-1.750829951577816601e+01 4.724868336491460497e+01
-5.954975825234442688e+00 2.240983220145799137e+01
-5.954975825234442688e+00 1.713757291841041663e+01
-5.954975825234442688e+00 1.222700091958114399e+01
-5.954975825234442688e+00 1.358922149473934837e+01
-5.954975825234442688e+00 1.167771037345719876e+01
-5.954975825234442688e+00 1.176476775835210731e+01
-5.954975825234442688e+00 9.056948188079777751e+00
-5.954975825234442688e+00 1.002279485176373441e+01
-5.954975825234442688e+00 9.634681004700190954e+00
-5.954975825234442688e+00 8.379835049056829632e+00
-5.954975825234442688e+00 8.149257312875199943e+00
-5.954975825234442688e+00 7.106818472188962232e+00
-5.954975825234442688e+00 7.181308797747583128e+00
-5.954975825234442688e+00 6.849252089482398276e+00
-5.954975825234442688e+00 6.492189219230848352e+00
-5.954975825234442688e+00 5.085158759457186761e+00
-5.954975825234442688e+00 6.074099615598207436e+00
-5.954975825234458675e+00 4.710718650483151748e+00
-5.954975825234442688e+00 3.371476184975691126e+00
-5.954975825234442688e+00 3.555268357849712402e+00
-5.954975825234442688e+00 3.922499217065563926e+00
-5.954975825234442688e+00 3.229864010915179051e+00
-5.954975825234442688e+00 3.625807744106914754e+00
-5.954975825234442688e+00 3.118274746715115953e+00
-5.954975825234442688e+00 2.640403271938907892e+00
-5.954975825234442688e+00 2.509605762117239180e+00
-5.954975825234442688e+00 2.611326279042877729e+00
-5.954975825234442688e+00 2.139367934069255739e+00
-5.954975825234442688e+00 2.742851785230406847e+00
-5.954975825234442688e+00 2.144599610280160107e+00
-5.954975825234458675e+00 1.696120752389887798e+00
-5.954975825234442688e+00 1.756769218605860772e+00
-5.954975825234442688e+00 1.647775684871149338e+00
-5.954975825234442688e+00 1.968253416309394765e+00
-5.954975825234442688e+00 1.945445377876012572e+00
-5.954975825234442688e+00 1.462506601171419618e+00
-5.954975825234442688e+00 1.500307331271017119e+00
-5.954975825234442688e+00 1.529003418490290755e+00
-5.954975825234442688e+00 1.246399569003642682e+00
-5.954975825234442688e+00 1.441171673345643001e+00
-5.954975825234442688e+00 1.522415194845898156e+00
-5.954975825234442688e+00 1.489238331894178202e+00
-5.954975825234442688e+00 1.678216657345281249e+00
-5.954975825234442688e+00 1.145926517089797869e+00
-5.954975825234442688e+00 1.159112112822320739e+00
-5.954975825234442688e+00 1.348957761387566734e+00
-5.954975825234442688e+00 1.260929807982996920e+00
-5.954975825234442688e+00 9.453824912545201187e-01
-5.954975825234442688e+00 1.046210618506847823e+00
-5.954975825234442688e+00 9.303280253269932132e-01
-5.954975825234442688e+00 7.850942609156632557e-01
-5.954975825234442688e+00 8.380371165244113740e-01
-5.954975825234442688e+00 8.480987447971841675e-01
-5.954975825234442688e+00 9.192281732994587173e-01
-5.954975825234442688e+00 8.034801252068888289e-01
-5.954975825234442688e+00 7.738415353017416010e-01
-5.954975825234442688e+00 6.684462638190780126e-01
-2.374615921207409386e+00 1.087132621320587305e+02
-5.763518015099243996e+01 2.077816624603383957e+02
-3.995528197440701490e+01 1.863217119826970247e+02
-2.435596369501297431e+00 6.917171578581118752e+00
-3.041884680429676280e+01 2.049624431440672083e+02
-3.790472337963673333e+00 1.036623289681350712e+02
-1.216606735539779862e+02 2.041632995362488145e+02
-2.747543762452181113e+02 2.096227831682901410e+02
-3.263204345601558032e+00 6.152897339108506003e+00
-2.490698948529821877e+00 1.413676855895673157e+01
-1.613817651827989863e+00 6.552037196844935352e-01
-2.837121067749265535e+00 7.325880361172494304e-01
-1.884814132665976416e+00 1.223653927846669376e+00
-1.454670951103864240e+00 4.129865395428851116e-01
-1.447343608753593358e+00 3.050364019770199775e-01
-2.073084854468955740e+00 6.075808709917396300e-01
-1.572001771422348426e+00 3.414767151095645659e-01
-3.872490759649218184e+00 6.790377843291480531e+00
-1.860750973299040822e+00 6.903745539038368406e-01
-1.701456641824380611e+00 2.854946608192676649e-01
-1.573841715177488609e+00 3.763081144822422175e-01
-1.603765187069157605e+00 6.382203478148653630e-01
-1.583304100437985085e+00 7.901420890839858657e-01
-2.743109427386043464e+00 2.168570111071517204e-01
-2.795972295298208898e+00 3.267601636555639288e-01
-2.809647441275513025e+00 2.363084415145237926e-01
-1.183152346121450620e+02 3.195685149911022336e+02
-1.896074000239446278e+00 2.323002087070165089e-01
-1.190189932990321466e+02 3.251814865502250314e+02
-1.641328649128270811e+00 1.969578859416003525e-01
-1.881471337027779356e+00 1.998581898640452437e-01
-1.814266386098443817e+00 4.603185077278055815e-01
-1.766789523720083466e+00 1.428685048107183775e+00
-1.492664968939843462e+00 1.208043348654854299e+00
-1.760324605003226850e+00 1.364128598322622565e-01
-1.685941623105769338e+00 4.469735975399089511e-01
-1.336273396849838591e+00 3.549142281944739352e-01
-2.312504197537797346e+00 4.884311588116361236e-01
-1.927135038128263034e+00 5.796342200551123369e-01
-2.737222117317564596e+00 1.636491686073782148e-01
-1.578042916997789646e+00 7.152152458758109788e-02
-1.462208734479251149e+00 1.297527466524002193e-01
