-1.960889757193561422e+01 2.009614944980986593e+02
-2.886028012270001142e+01 2.490752683511332179e+02
-2.122078380811773286e+02 2.568200701346856931e+02
-5.954975825234442688e+00 7.425256264600895406e+01
-2.347531808718244406e+00 4.826906103736132536e+01
-2.878230753222028149e+00 3.280846806702598428e+01
-2.333813539360083844e+00 4.562897832272476251e+01
-2.914846797825727087e+00 8.108348475147437284e+00
-3.115408254843819336e+00 3.293626411821122701e+00
-2.545540263302476625e+00 4.743882370828742978e+00
-2.536959296685322052e+00 3.988764445612673626e-01
-2.145262612758132903e+00 5.019453186226343178e+00
-2.256735599302192696e+00 9.543975937841651103e-01
-2.076609938602532957e+00 1.198562362007407955e+00
-2.002843763345641293e+00 4.816765046840885134e-01
-3.101233456520415821e+00 1.368887812049479180e+00
-1.967202632725761902e+00 3.974169994217788826e-01
-1.962289481577228045e+00 1.922196792007753174e-01
-1.946330989652050647e+00 1.445925705181423382e-01
-1.955853315790966107e+00 2.260609538860762768e-01
-1.971757970307155716e+00 2.832553744895562886e-01
-1.959067999402575921e+00 1.590765378574019451e-01
-1.969500561408370487e+00 1.605618561496839902e-01
-1.960139579729862191e+00 1.172802846349725314e-01
-1.978567200679973936e+00 2.329427582781704587e-01
-1.958523113970874974e+00 1.232368237204468642e-01
-1.949069858620390505e+00 1.047647496352510643e-01
-1.965400331709671988e+00 1.083786787673091112e-01
-1.958031184696888971e+00 8.666298656896742614e-02
-1.951502066729114304e+00 1.018247355804930976e-01
-1.952756486767331268e+00 1.336871070394067829e-01
-1.972197951968908569e+00 8.924951276969750324e-02
-1.964828573459911354e+00 9.003029649250038347e-02
-1.961903981109038853e+00 1.042463813835468045e-01
-1.960820732971063407e+00 7.508489813258734102e-02
-1.957776362080632993e+00 5.636565715420260858e-02
-1.959981028932874736e+00 5.390954475348053165e-02
-1.959890295072673538e+00 4.946261853194755531e-02
-1.995177440362160937e+00 6.640364095440531855e-02
-3.011034648625374288e+00 1.907778305455565260e-01
-2.995561991564999360e+00 1.839109507652096909e-01
-1.968410717853709357e+00 7.354989461970262710e-02
-1.962185029121043200e+00 4.086390933730399411e-02
-1.963935337917972035e+00 4.855527145363680575e-02
-1.963887655872605720e+00 5.068531321316527283e-02
-1.968747004513279109e+00 3.291994400331077486e-02
-1.972959933840712665e+00 3.649487774595172596e-02
-1.965992788231753607e+00 4.215478046677390012e-02
-1.978257340137385967e+00 4.032343874646926452e-02
-1.967961081032209236e+00 4.671075042435290925e-02
-1.964323721205738948e+00 3.196809167820902076e-02
-1.982536312223272645e+00 4.157661948548252440e-02
-1.965069892913605898e+00 4.609060041596535484e-02
-1.979523694622914221e+00 3.313206333118046132e-02
-1.967862280509386608e+00 2.690836932009688098e-02
-1.965693863745128667e+00 3.312075690857341215e-02
-6.917810478875408009e+00 2.779477682015027540e+00
-1.970043494904038184e+00 2.550441099603517614e-02
-1.970851324868482024e+00 2.931960495288876700e-02
-2.856563618011152883e+00 1.155274017102385642e-01
-1.965569296791509046e+00 3.011373780327630811e-02
-1.960425643804715179e+00 2.355552789714465689e-02
-1.970619963919036266e+00 3.751070467129125063e-02
-1.968901599077373277e+00 3.027319876903789009e-02
-1.967773322506673139e+00 2.250549821036429421e-02
-1.972641665874236949e+00 3.267315632646727863e-02
-1.976613445606657748e+00 3.356609197268767275e-02
-1.969985764579156751e+00 2.538965243164170715e-02
-1.985236435284447154e+00 2.838076860186333761e-02
-1.982601935168680996e+00 2.238815826672180265e-02
-1.962769552060073863e+00 2.356638877526506803e-02
-1.965342585044826507e+00 1.911035470379829349e-02
-1.969093411235146363e+00 2.232977670746549848e-02
-3.154604827011723955e+00 1.413701869628027907e-01
-3.196018341237635063e+00 1.335619485741119661e-01
-1.963918977216223993e+00 1.858919999898489550e-02
-1.969455509535061211e+00 2.174842921976960497e-02
-1.968685423019282510e+00 2.069820566683233665e-02
-1.980813495328920482e+00 1.975360033461015519e-02
-1.974423937161125409e+00 2.035592992604051688e-02
-1.963220390120572034e+00 1.821253892344998349e-02
-3.197323307836692052e+00 9.258314067440664985e-02
-1.963494551885178296e+00 2.180051067784916086e-02
-1.977789046585959554e+00 1.799321522179297972e-02
-1.962974188761322125e+00 1.634779273098274643e-02
-1.992944994413381465e+00 1.837453831777224877e-02
-1.970108320405731916e+00 1.558509637226279665e-02
-3.172729208524145861e+00 9.533349281406344744e-02
-1.974901417312880270e+00 1.739085009739937959e-02
-1.963791251884350331e+00 1.785413547273151380e-02
-1.963480743239054860e+00 1.539067010276085057e-02
-1.961858709129943534e+00 1.617173082414069540e-02
-1.969810402594319498e+00 1.657897289385346085e-02
-1.973711124070016254e+00 2.183931095041202752e-02
-3.035586821560364967e+00 7.893964824083354870e-02
-1.961766530819247123e+00 1.504682921904532122e-02
-1.966688298131025192e+00 1.458670525443039878e-02
-1.960017452547498706e+00 1.587727829661389478e-02
-1.993709887179504037e+00 1.875350550579923947e-02
-1.967074072639448445e+00 1.881878165895045640e-02
