-1.140360988344465021e+01 3.004788744014491613e+02
-4.577865150474875300e+00 1.497695283871940717e+02
-3.967156892392306844e+00 2.294775917927204034e+01
-1.707941569640661683e+00 4.771059365846127776e+00
-6.561540672650547634e-01 1.060792876388143213e+01
-8.960862524266062223e-01 4.337016342060792340e+00
-1.021658472758089076e+00 1.333331159632791696e+00
-8.121619571471772048e-01 1.638173934054492520e+00
-1.360989165848705440e+00 4.704373827556480592e-01
-9.547099419859694791e-01 1.121825390919212850e+00
-1.574351829942379766e+00 4.752390128292063309e-01
-1.488064052395444037e+00 3.303741479462587449e-01
-1.423469990422105980e+00 1.294290413930241357e-01
-1.086636737372154826e+00 2.198104413980672689e-01
-8.983602445857830077e-01 2.863754745770847876e-01
-1.027534590505602807e+00 1.200229425827501473e-01
-8.520836936845999077e-01 2.232850658693621426e-01
-6.720766018918496343e+01 3.144831272998486611e+02
-6.390709198844266581e-01 2.989631330051167879e-01
-5.837091292742577764e-01 4.366996036277726034e-01
-5.143912054739114836e-01 3.787143896511224739e-01
-5.273154465763685295e-01 9.058623165709036584e-01
-5.954975825234442688e+00 9.470892663281347268e-01
-6.885507691867811531e-01 1.082644424555780915e-01
-6.017294775069181867e-01 1.249067634416292094e-01
-6.342750854543801609e-01 7.149406709538652649e-02
-5.679544796655005001e-01 1.403215609415724430e-01
-5.438207243434298732e-01 1.063223216985136332e-01
-5.769041344370826607e-01 1.271947313135797231e-01
-6.835993051044475521e-01 5.109354130706833530e-02
-6.274715246172046790e-01 6.220702095359342820e-02
-5.716538909812296509e-01 1.026310232969365188e-01
-6.651049589943340834e-01 5.096421895356684217e-02
-6.498658839235265106e-01 4.925398863366581281e-02
-6.691718483149475816e-01 5.422828828579895344e-02
-6.234445528867880171e-01 4.364077220952822245e-02
-6.245036845025584427e-01 5.577456790069845738e-02
-6.448917619396823397e-01 4.848143449319763931e-02
-5.208596049989946408e-01 5.785253223606900974e-02
-5.586187099175035087e-01 5.034347120937354703e-02
-5.376505905329356239e-01 5.131029257356090056e-02
-4.819203990249789626e-01 7.707961129381146748e-02
-4.752762078966199510e-01 6.431974023504949400e-02
-5.908104766902155802e-01 3.700319924143968819e-02
-5.139349327128392986e-01 4.538398580663738358e-02
-6.229526271904894941e-01 3.377861744610299866e-02
-5.383495216943892103e-01 4.931182932895694648e-02
-5.709819395619089022e-01 2.986016019065118599e-02
-5.852605275846674004e-01 4.229075636544621375e-02
-5.820922576011930971e-01 3.814970159248787240e-02
-5.613839802026650005e-01 4.352581177957404179e-02
-5.740693627792552434e-01 2.937984899961065821e-02
-6.160257817024383797e-01 2.531905765934538977e-02
-5.007350008062143587e-01 5.005445473190661687e-02
-5.838251854822846809e-01 3.750560322524165713e-02
-6.085998860540566824e-01 2.541667162719818407e-02
-6.148210339776305489e-01 2.757442050000236122e-02
-6.443160322780894234e-01 2.456659244015213517e-02
-6.099528941233458568e-01 2.489662681242066355e-02
-6.399621006101448017e-01 2.642723287698345302e-02
-5.954975825234442688e+00 4.328609826025910934e-01
-6.024596931309034176e-01 2.007500040281229303e-02
-5.857936142795452383e-01 2.304203514265168451e-02
-6.152236695500530317e-01 2.558116215422501227e-02
-5.550720501065526946e-01 2.586252684125156520e-02
-5.841650148890877858e-01 1.839594126059296286e-02
-5.812907087212444424e-01 2.457452778483570910e-02
-5.788743294459024469e-01 2.291283686074052639e-02
-6.222423876253753150e-01 1.792704003170797478e-02
-5.095047363116798067e-01 2.687188068077261960e-02
-5.263290363891552914e-01 2.707725620473411254e-02
-5.470947614578403062e-01 1.988547393284534337e-02
-5.042728343237730115e-01 3.253977716232725470e-02
-4.854742193443239984e-01 3.717449225578661753e-02
-5.940448691352280264e-01 1.939364971883605904e-02
-4.767315806306910986e-01 4.580256922449166268e-02
-5.176010503388663864e-01 2.300616759816875856e-02
-5.057190199211962778e-01 3.711655254880952270e-02
-4.971644000917407880e-01 3.297455288313244637e-02
-5.823058271385423978e-01 2.342336493032348699e-02
-4.302733505506690648e-01 5.675347747774139862e-02
-5.089525000976848901e-01 3.212803785396545209e-02
-5.515567135219292538e-01 1.736814544898379609e-02
-5.938492225613476450e-01 1.723686692383807895e-02
-5.702103595062624208e-01 1.511772690548696119e-02
-5.542561509124279695e-01 2.105953417151340545e-02
-5.226370698200835108e-01 2.105202462246325013e-02
-6.019500537629447479e-01 2.156314538410697423e-02
-6.194755884735041462e-01 1.658964179787858484e-02
-5.869373326696063486e-01 1.738431835633491573e-02
-6.261874960129016898e-01 1.608493915531994389e-02
-6.302855400225482185e-01 1.987448398887181611e-02
-5.042601088472498105e-01 2.258543521597289327e-02
-4.864583578094130445e-01 2.289395475105493460e-02
-4.941893128351626530e-01 2.419957765914659831e-02
-6.069313870975765468e-01 1.627368914591897919e-02
-5.946871586783348818e-01 1.954949690468765766e-02
-5.803127823725322543e-01 1.462274765356141870e-02
-5.963396884823541910e-01 1.575091489971214287e-02
-5.053322065857237533e-01 2.329018300343932424e-02
