-2.747543762452181113e+02 7.198321257513141802e+01
-1.750829951577816601e+01 3.205246676455557235e+02
-1.750829951577816601e+01 3.312807112108727097e+02
-1.750829951577816601e+01 3.085415670245496358e+02
-6.387717689869975857e+01 2.909605904024377878e+02
-9.663127631297250275e-01 4.682507230927654973e+00
-1.163032406721633549e+00 2.631881705933409421e+00
-1.013112021904834847e+00 1.848749439872761968e+00
-9.639693402232936137e-01 2.356548226351804942e+00
-7.632186306212673799e-01 2.245799391073717288e-01
-1.104507647271093518e+00 3.750737177880125728e-01
-6.522937568823774512e-01 3.748446087522552261e-01
-9.963606763124772669e-01 1.283797450258560957e+00
-3.110153078407224214e+00 7.344442839238041643e+00
-8.113509330513881679e-01 3.109254470029441109e-01
-7.643475192352724434e-01 2.264271845514258530e-01
-6.172062892877789864e-01 2.176514133078626401e-01
-6.873099750809892328e-01 1.059143318287283364e-01
-8.562152055372038717e-01 1.269775938665702597e-01
-8.199024480721188723e-01 2.111060502272437134e-01
-5.895999959404463198e-01 1.157897668059604257e-01
-6.980421722334781975e-01 1.167550911636396904e-01
-6.967071929462704816e-01 2.124801612507383197e-01
-6.454619959076328684e-01 1.932248813680814692e-01
-5.471950738775799294e-01 1.219960944687841220e-01
-6.430423532818885235e-01 1.070684393162082415e-01
-8.264450547730390895e-01 8.028855147250624213e-02
-6.389977049492898686e-01 1.646070925144442754e-01
-6.227925304029842124e-01 7.186630746977584749e-02
-7.227207589313362490e-01 8.651784045966337544e-02
-6.328735542847354623e-01 1.271481626959882760e-01
-5.429714177733000469e-01 6.294075395112486149e-02
-6.014429054826688770e-01 9.548564005785920017e-02
-5.469759475336726240e-01 6.836211772369438222e-02
-5.651424861408429479e-01 5.397468937866278793e-02
-6.071194708709803933e-01 3.141379071018945979e-02
-6.588638649868752140e-01 3.824191750058503203e-02
-5.793437035626087805e-01 4.822612351813404530e-02
-5.553340157632042917e-01 7.272551394660808910e-02
-7.074598720934012874e+01 1.082640892130006449e+02
-5.254140313661039841e-01 4.732788860144410137e-02
-3.029133595979811133e+00 2.289527854105684810e+02
-2.838978913712016094e+01 3.194845322959550913e+02
-1.157628684213923549e+02 3.331627938177308579e+02
-3.687718736188192459e+00 3.569841757028171969e+00
-2.342239425495781546e+01 2.972247235154006262e+02
-5.871234006765604363e-01 6.664713728167726003e-02
-6.467541448731903841e-01 1.370652115021471218e-01
-8.441460351396461448e-01 5.013333783872383265e+00
-5.436993104014504752e-01 5.582526146207555939e-02
-5.260051719643090706e-01 5.795069658208262808e-02
-4.848839265533495535e-01 3.307724241153664479e-02
-4.248717403683457405e-01 9.425899570382512138e-02
-4.302117041459734281e-01 1.042520543643945530e-01
-4.456592910573480282e-01 4.593202528320716738e-02
-4.536496024345098022e-01 5.542426478697848324e-02
-3.213589128219956592e+01 3.391958634947153541e+02
-1.214954299963592277e+00 6.281244532003142922e-01
-5.084289710442586596e-01 3.843745667037978819e-02
-5.356749069475323921e-01 3.940936765997093971e-02
-4.898709707839845606e-01 3.728584122600864248e-02
-4.322269129268452303e-01 3.694146895969652178e-02
-3.069761712783234486e+01 3.398588809596631677e+02
-5.471413253355148498e-01 3.919387876723590125e-02
-5.256785337727869489e-01 2.540674762261119213e-02
-6.149057246969871215e-01 4.543438819234779658e-02
-5.078444215515585114e-01 3.950420081781658155e-02
-5.222212554248457650e-01 3.623943465487400317e-02
-4.619038510669675190e-01 4.019751632719703593e-02
-5.847214242187366295e-01 4.116518616132225361e-02
-5.312417729788307952e-01 3.592862868268298371e-02
-6.873722971911124802e-01 8.616404152920154047e-02
-6.702696139115840168e-01 1.044017685238429749e-01
-5.292423108775228258e-01 4.288606100507763585e-02
-4.597275990056886030e-01 3.393220967168986135e-02
-5.777778847871211099e-01 2.988897902596931999e-02
-4.507730150020119453e-01 3.907047773259364476e-02
-5.319042796864525968e-01 3.186126069257966265e-02
-4.967102491301673695e-01 2.061343175498109304e-02
-5.590112496822836619e-01 2.641345104063930194e-02
-5.710027264416055459e-01 3.095638535219791265e-02
-5.702431774481446780e-01 2.451405963896036155e-02
-5.499220970210600967e-01 3.114634762022205905e-02
-5.572172249865463556e-01 2.150408416687810131e-02
-5.720682965796708430e-01 2.340015502693404414e-02
-5.356469142857953614e-01 2.486528257819031751e-02
-4.828741329070886934e-01 2.215626180475283036e-02
-5.027215178996797817e-01 2.252907636844270201e-02
-5.274311816180272672e-01 2.097970250162006778e-02
-5.500015445755916943e-01 2.003295194901966170e-02
-4.899394550761471123e-01 2.075460720868704811e-02
-5.193989353039487611e-01 2.093422813229040003e-02
-4.859311218531470189e-01 2.000737855172474156e-02
-5.418922040957436792e-01 1.601700152363605412e-02
-5.080472995779672374e-01 1.986101696164155328e-02
-4.661097704884795689e-01 2.094384560419371155e-02
-4.885321887745988079e-01 1.820068296129306873e-02
-4.811753069747961575e-01 1.921419727790407705e-02
-4.742173589251823529e-01 1.795658229804075745e-02
-5.164685959843531293e-01 1.648232902940094391e-02
