-5.954975825234442688e+00 1.716435751073858000e+02
-3.538096985906422631e+00 1.424241612442716018e+02
-1.267225712343661854e+02 2.231881185085686639e+02
-5.954975825234442688e+00 8.012089514633001386e+01
-1.454279236271529214e+02 2.347351920721676493e+02
-1.270911412377042460e+01 1.851651986263232743e+02
-4.636217693529472328e+00 2.064250625564131951e+02
-1.134358288912971773e+02 2.033937690730751910e+02
-5.954975825234442688e+00 2.014360811825420328e+01
-5.954975825234442688e+00 1.367349807550174390e+01
-5.954975825234442688e+00 1.811506126090459645e+01
-5.954975825234442688e+00 1.916070280727299036e+01
-5.954975825234442688e+00 1.757361856703764857e+01
-5.954975825234442688e+00 1.729951702267894831e+01
-5.954975825234442688e+00 1.407441279670318579e+01
-5.954975825234442688e+00 1.391589664137104343e+01
-5.954975825234442688e+00 1.160359413510953885e+01
-5.954975825234442688e+00 1.293581030415043998e+01
-5.954975825234442688e+00 1.121551536477220878e+01
-5.954975825234442688e+00 1.194302078856031102e+01
-5.954975825234442688e+00 1.093204603694191945e+01
-5.954975825234442688e+00 1.108604550495616436e+01
-5.954975825234442688e+00 9.558714750564671903e+00
-5.954975825234442688e+00 9.024603863761011979e+00
-5.954975825234442688e+00 9.180251775621545818e+00
-5.954975825234442688e+00 8.587064494755345834e+00
-5.954975825234442688e+00 7.665210090821718225e+00
-5.954975825234442688e+00 7.381416190400337030e+00
-5.954975825234442688e+00 7.861238610678167760e+00
-5.954975825234442688e+00 7.398415351207791701e+00
-5.954975825234442688e+00 6.715752849814329295e+00
-5.954975825234442688e+00 6.472474512731185570e+00
-5.954975825234442688e+00 5.815935088059987379e+00
-2.286903722475702949e+00 1.226837807022265991e+02
-2.049486501359006674e+00 2.872258996827387989e+01
-6.861582256227112708e+00 6.113859130699056266e+01
-3.190234345629895607e+00 2.535328157634862123e+01
-2.171860570510849797e+00 3.371637052265214152e+00
-6.049056071108243060e-01 5.675906605649174708e-01
-9.063577108544045302e-01 3.903146812610032157e-01
-4.537736922155559682e-01 5.633006186974967022e-01
-4.578366091097638702e-01 4.068221267726244150e-01
-4.571443623113111698e-01 4.616238255889300035e-01
-4.833323572742074248e-01 2.063343764804699276e-01
-1.826704351653178904e+00 1.775257946344339643e+00
-4.433061345149358345e-01 2.089830868455635482e-01
-4.733214880408684877e-01 1.012166367995064320e-01
-4.387375961652004719e-01 1.337905191747381650e-01
-5.696665221769467990e-01 1.498754241528672537e-01
-4.521730459685695536e-01 1.693758190853316137e-01
-1.107014124502084584e+00 1.012189458449165613e+01
-5.577131861824788928e-01 4.164492245903375078e-01
-4.976739345550207361e-01 2.040344032951765030e+00
-4.634262990025419526e-01 6.324218760261146599e-01
-6.424294279545748054e-01 6.325304730629852656e-01
-6.237372490986849982e-01 3.698029889923475366e-01
-6.649120824526555396e-01 3.907954029975542198e-01
-6.168545430208656200e-01 5.521494785382117243e-01
-6.194622629568335981e-01 1.819516256042561508e-01
-5.469438035184772673e-01 1.578032699337654776e-01
-4.752541668779315387e-01 1.598945000809521844e-01
-4.546683290042192738e-01 1.100066783566262529e-01
-5.483696026771465171e-01 1.774409561732568363e-01
-5.451012048872847515e-01 1.210136657090572498e-01
-4.868284636965203305e-01 8.749378935689833270e-02
-5.030499360946105725e-01 9.294342564544422203e-02
-4.359749591624364484e-01 9.385260210902401923e-02
-4.788048026767022236e-01 6.885430476154397184e-02
-4.625102028244967300e-01 7.267014356176559886e-02
-4.918705480284195630e-01 6.283845545533495169e-02
-4.754091056128206816e-01 6.865228728040051465e-02
-4.868839088531178305e-01 7.795197848335533308e-02
-4.673318483219262021e-01 7.239707802158079630e-02
-4.772191261838045762e-01 7.587637940187619279e-02
-4.917419865551071467e-01 5.913704305189071420e-02
-5.072055698907078636e-01 7.482192482814298273e-02
-4.720055646799359295e-01 5.384245030560919076e-02
-5.055713794593312826e-01 5.451096030395774505e-02
-4.873063868710350022e-01 3.995561083823417903e-02
-4.876496597152222279e-01 5.185227318568763621e-02
-4.303067464400793796e-01 9.344392265995793423e-02
-4.653209093158228171e-01 4.887338106431116103e-02
-4.769676849170529920e-01 4.855746938062566187e-02
-4.658735871536432427e-01 4.619583219238165839e-02
-4.990396420685154766e-01 2.847100098472310492e-02
-4.793509677167833161e-01 3.655649546391259719e-02
-4.850522338101743713e-01 4.118830113034732676e-02
-4.619375839691812757e-01 3.774953372968070653e-02
-4.598862453741237033e-01 3.257183748215197738e-02
-4.651497936063186955e-01 3.933708529996238212e-02
-4.667819984486776264e-01 3.653878463651949460e-02
-4.586946991036775501e-01 3.725189521932747994e-02
-4.716586944216381028e-01 4.359448814543043227e-02
-4.555696302053444668e-01 4.435561103018414997e-02
-4.228998331794553422e-01 6.484626812903115933e-02
-4.537575769668151793e-01 5.330651862257695939e-02
-4.583642354136294728e-01 4.418967719823285734e-02
-4.977461210783538093e-01 2.832246375342606370e-02
-4.533672490858577930e-01 4.348156398387459376e-02
-4.525387084278182925e-01 2.878463150773313828e-02
