-5.954975825234442688e+00 3.045655826913867159e+01
-5.954975825234442688e+00 2.030909820277595657e+01
-5.954975825234442688e+00 1.627960080285942013e+01
-5.954975825234442688e+00 1.459919622748874879e+01
-5.954975825234442688e+00 1.411138720719403139e+01
-5.954975825234442688e+00 1.437363069056786635e+01
-5.954975825234442688e+00 1.407419679165985116e+01
-5.954975825234442688e+00 1.016343107945525936e+01
-5.954975825234442688e+00 1.138310442218744001e+01
-5.954975825234442688e+00 1.071028820390849745e+01
-5.954975825234442688e+00 8.688117107389011551e+00
-5.954975825234442688e+00 8.454403428067465143e+00
-2.361395246355311173e+00 6.066925649372812046e+01
-3.081534836232358465e+00 2.962717166716302586e+00
-5.954975825234442688e+00 7.051044625303859448e-02
-3.673900015496082361e+00 3.530933514444754451e+00
-1.979610040267699489e+00 2.514412375353842322e+00
-4.536380648254271009e+00 2.563350060480360071e+00
-2.104552422114697841e+00 1.283348928105752407e+00
-2.149068332006868864e+00 5.087201239635277261e-01
-3.029866379652863984e+00 5.411042258861016307e-01
-2.140952788098059223e+00 7.878395024615230113e-01
-2.091768208845903310e+00 2.255637991592323033e-01
-2.122684679775325378e+00 2.105966826624694477e-01
-9.776241196401377920e+01 1.386073643915137836e+02
-2.078023709470076419e+00 1.205553535904044793e-01
-2.157542243201338472e+00 1.530253640855789854e-01
-3.239306138061726514e+00 3.760489459781695132e-01
-2.085275460281802218e+00 1.889661968295826000e-01
-2.129086092124436114e+00 1.143559816770221005e-01
-2.075287898731648539e+00 8.767274533445856832e-02
-2.041593562691453201e+00 9.198389274568796736e-02
-2.155863585595295895e+00 6.388439800241485500e-02
-2.252650346075957266e+00 6.231096371557498514e-02
-2.172974661307181421e+00 5.677494915813952048e-02
-2.056823282210039849e+00 8.409410892319613140e-02
-2.063385211789113605e+00 4.907784058445940900e-02
-2.141719718487184565e+00 4.418632959333024246e-02
-2.097437878446641868e+00 4.174448913212813750e-02
-2.127335685203672888e+00 3.658847825377620211e-02
-2.056857215046129284e+00 3.271383092904045498e-02
-2.016305330978446442e+00 5.430023402468009408e-02
-2.052573515320188058e+00 3.819395949656723133e-02
-2.071635598183394045e+00 4.843773531581518910e-02
-2.018106349795475651e+00 3.246883966711777703e-02
-2.039284670519963427e+00 3.026205077112820163e-02
-3.210236333319859803e+00 1.943981413674151781e-01
-3.169491559790670543e+00 1.682617105163615179e-01
-2.128717284758434580e+00 4.216913726574489374e-02
-2.044000317657392429e+00 3.930659538320924185e-02
-2.061525722348469536e+00 3.272605890283841745e-02
-2.008281079083260146e+00 3.575022916500358861e-02
-2.036710062585495251e+00 2.528994319357025233e-02
-3.124250365846899413e+00 9.617979604651338832e-02
-1.965656662773735519e+00 5.687386341180911131e-02
-1.121978845303667214e+02 1.695156845672973418e+02
-2.004961684751694229e+00 2.999876041340598931e-02
-2.033462749905286415e+00 2.783517132144197603e-02
-2.126966626850092190e+00 2.178828834706791895e-02
-2.015744655836981813e+00 2.390727902665901183e-02
-2.022676194874961197e+00 2.101462466700354526e-02
-1.985421677043932576e+00 2.928023698946446984e-02
-2.043469451288379979e+00 1.998798052764527711e-02
-2.046182644959396946e+00 1.805195524079294955e-02
-1.979616553655533906e+00 3.582122585009983595e-02
-1.976703320759236604e+00 3.469924444191008206e-02
-2.119466371160202200e+00 2.774896725006215092e-02
-2.029991832114994565e+00 2.367833001943608906e-02
-2.095259153279773301e+00 1.702974588532413236e-02
-2.030003023616198554e+00 1.744523805665210148e-02
-2.045844933137900057e+00 1.841479373048571233e-02
-1.991347660649877227e+00 2.884240328910436801e-02
-2.002791797412282193e+00 2.050892278636240462e-02
-1.969557449077710132e+00 3.218155980513870418e-02
-2.017651327284840868e+00 1.649905198279100205e-02
-2.074216769523430592e+00 1.749612727473959239e-02
-2.043094315133703986e+00 1.584561679675289270e-02
-2.027549828819031674e+00 1.789457477552502951e-02
-1.963697318166600425e+00 4.183533294852281870e-02
-1.959429844936092735e+00 3.940216540269148027e-02
-1.989259152391491980e+00 2.152998480868006936e-02
-2.029726974947142715e+00 1.766980403650109110e-02
-1.047815813915628951e+02 1.579485491941350404e+02
-2.988133408258853763e+00 7.049793796019798719e-02
-1.987294898050864234e+00 1.849199993586125856e-02
-2.035063695832095121e+00 1.518949245014766802e-02
-2.041108768085284630e+00 1.453538619372807261e-02
-1.990983325584171126e+00 2.035432739342013519e-02
-1.991852488372344965e+00 2.274104622961203859e-02
-2.096693822935839613e+00 1.181108971027811094e-02
-2.095633149498882020e+00 1.627912596896408104e-02
-1.990276733758429728e+00 1.961376537163062039e-02
-2.066687361214606611e+00 1.714083321118664571e-02
-2.064932718157269420e+00 1.198910487201487740e-02
-2.018910973487813898e+00 1.374675935845459662e-02
-1.996296119302787275e+00 1.704958400712541788e-02
-1.986290447203789000e+00 2.252421196091347610e-02
-1.976948528797580096e+00 2.384009816942977977e-02
-1.973981493208329496e+00 2.978361998755474360e-02
-1.977278404920321364e+00 2.043884312013233284e-02
