-2.277942116516026516e+00 1.625713013499567126e+02
-1.458721908793955606e+02 1.986699365898199972e+02
-1.458721908793955606e+02 2.147851637407987937e+02
-2.983167782172341020e+00 3.463352357488771815e+01
-4.280284074551889972e-01 3.194067445838327046e+01
-4.990855573028500913e-01 2.743665923872764267e+01
-2.356661018959684384e+00 1.436004823268005737e+01
-7.719753036355747611e-01 4.195157786233608022e+00
-4.985733722424061654e-01 3.677476498982969133e+00
-5.037087123804173672e-01 2.400038112909413712e+00
-8.004199597586758586e-01 1.178943512621714262e+00
-5.164958763152860399e-01 4.144484437862985260e-01
-5.954975825234442688e+00 2.386386951624956509e+00
-5.678127332823805773e-01 1.735130919142591210e-01
-6.251721291183951479e-01 4.245930195690306164e-01
-5.248645105300919766e-01 1.275974029777131591e-01
-5.195819722946879438e-01 2.145375985301285482e-01
-6.677551327601900510e-01 1.808406860385503023e-01
-6.861999650025722985e-01 1.893552771649638089e-01
-4.510917340481679361e-01 1.525924563241005671e-01
-4.996881988055434931e-01 8.052755957373847195e-02
-5.578761302261163735e-01 8.840390743991122235e-02
-5.954975825234442688e+00 2.542714028774639701e-01
-5.954975825234442688e+00 1.086384448473808106e+00
-5.230000709656064117e-01 6.945569722830668979e-02
-5.015888139631385911e-01 8.955822302345950447e-02
-4.838148666780259788e-01 6.071567956556123136e-02
-4.244576034933995601e-01 6.556728584416759986e-02
-4.309547362764369893e-01 5.366357586444792105e-02
-4.216664060026058536e-01 5.699544649050380940e-02
-4.382073256556768825e-01 3.884697299625372580e-02
-4.316062732080165887e-01 8.495948346624970782e-02
-4.604971573478540137e-01 3.782873348723114759e-02
-5.954975825234442688e+00 3.133691534869456063e-01
-5.279905069152270869e-01 4.598759927641538070e-02
-4.671680563097115879e-01 4.678993811951670523e-02
-4.318601591342208224e-01 3.332075598166284180e-02
-4.255663206748714344e-01 5.878892895559317822e-02
-4.158984922029738129e-01 3.927830127585707487e-02
-4.122787304206028125e-01 3.586853104755505228e-02
-4.155726317179677665e-01 3.961913593890642460e-02
-4.149422148894803541e-01 4.600686201388271002e-02
-4.086913707706454346e-01 5.229933258323171685e-02
-4.170152008569960600e-01 3.341455725738740057e-02
-4.257406666635699111e-01 3.822798120386039500e-02
-4.276583552285231349e-01 1.073725991215894737e-01
-4.411617693907565751e-01 9.270397507641803259e-02
-4.240740631591890519e-01 1.901845250745282101e-02
-4.142007750924605602e-01 2.946175472445133892e-02
-4.205592850188573095e-01 2.043006454547935391e-02
-4.270894507254539008e-01 2.071760962914481752e-02
-4.289652052502912483e-01 2.435954481821056561e-02
-4.335092935639650591e-01 2.192227961737103215e-02
-4.099939116623314561e-01 3.816757472594645151e-02
-5.954975825234442688e+00 1.042525286958095876e-01
-5.954975825234442688e+00 9.979042109745250855e-02
-5.954975825234442688e+00 1.088804342273590464e-01
-4.473011913988607091e-01 7.304398974802950306e-02
-4.348290339251068559e-01 6.031411987659396345e-02
-4.947914739965302289e-01 9.429345530188015800e-02
-1.066612444275003568e+00 5.141396394653270363e-01
-3.014812264472620740e+01 2.695365373415642694e+02
-4.223647524518892027e-01 1.744555146504467302e-02
-4.323247524885669435e-01 2.234241266289416217e-02
-4.225445821140265679e-01 1.665739982946945474e-02
-5.954975825234442688e+00 9.481990905943860071e-02
-4.245723241707306528e-01 1.781611341976940821e-02
-4.036930203322803834e-01 1.972874084643194692e-02
-5.954975825234442688e+00 1.136201548185482579e-01
-5.954975825234442688e+00 9.404942280868056059e-02
-5.954975825234442688e+00 8.545879196636008146e-02
-4.150937552333555658e-01 1.818709327301348821e-02
-4.268747706697535449e-01 1.736356937179550641e-02
-4.304135703643918731e-01 1.911379141708380303e-02
-4.340788336873941944e-01 1.865659314849210659e-02
-4.369918537197694519e-01 2.211865316658645497e-02
-4.570407491186436744e-01 2.199849566656553179e-02
-4.636800533928795431e-01 2.315486948678824319e-02
-4.522089392427215415e-01 1.720546204501260945e-02
-4.391225105700087283e-01 1.473706601873914224e-02
-4.473861913365588805e-01 1.556341506105241024e-02
-4.599856491866045616e-01 2.311448322470255334e-02
-4.426610128849706172e-01 1.417274976759586025e-02
-4.391080785883012538e-01 1.465827647167827763e-02
-4.534020737227848485e-01 1.590189922083595775e-02
-4.600959721881583420e-01 1.587448800832191864e-02
-4.634331308141508288e-01 1.753190997773401705e-02
-4.703693338886854036e-01 1.777452225613274095e-02
-4.655706327675375178e-01 1.742079017259356988e-02
-5.954975825234442688e+00 1.019901495257613533e-01
-4.508961477344879398e-01 1.433026647947599486e-02
-4.538547382987339063e-01 1.631295656017073270e-02
-4.579715558501131767e-01 1.747896063064047212e-02
-4.621847622758021856e-01 1.646001616325065697e-02
-4.514559009688987601e-01 1.446021763194949017e-02
-4.562005382524816355e-01 1.636189971911505836e-02
-4.530149825881384373e-01 1.328686613388185833e-02
-5.954975825234442688e+00 6.724710354795604417e-02
-4.251286439683266138e-01 1.554777579455901559e-02
-5.954975825234442688e+00 9.503451425983655554e-02
