-1.750829951577816601e+01 2.956793431951218736e+02
-1.807477879091533168e+01 1.915157309484456505e+01
-1.841364763740905630e+01 3.023807642254547545e+01
-2.572255615741670276e+00 1.123726486080287401e+02
-1.198274411565785513e+00 1.864422147710490663e+01
-9.120534441299437134e-01 1.558521601175812066e+01
-5.527220562344439259e-01 6.387177165554248859e+00
-5.882186691584596616e-01 7.017430864089817533e-01
-1.327233049592130953e+00 4.127608627451877510e+00
-1.547391326705566783e+00 4.225504676317655139e+00
-4.817017513827810404e-01 1.004169235088482992e+00
-4.263651014497380487e-01 2.111796376688658938e+00
-6.070215325981607180e-01 4.378812516068251171e-01
-1.138803633843302521e+00 2.959337776468942138e-01
-5.582377259289117433e-01 3.733600482750887295e-01
-1.635834687138821408e+00 5.791753647916522141e+00
-2.072774383987381341e+00 7.427323973553825454e-01
-4.774659620641870106e-01 2.228073830170558267e-01
-1.949345622806839984e+00 1.385515135720680746e+00
-1.994692015680827879e+00 6.310268450521618888e-01
-4.462995442853205930e-01 1.725740763938858890e-01
-4.415765274204570545e-01 1.678095584417178543e-01
-5.714320771584961989e-01 9.381697462046645342e-02
-4.495485219423223100e-01 7.465970261407051112e-02
-1.993213716413597680e+00 6.919432961571203577e-01
-4.191989025930418222e-01 8.399038460595420474e-02
-1.962562494939067648e+00 1.678826181230704151e+00
-4.345575001039883034e-01 8.118613338314162320e-02
-2.002866137137935709e+00 4.378025822371398590e-01
-4.116783573423017373e-01 1.129319082751010228e-01
-4.259190498766844968e-01 8.048363606863517816e-02
-4.149822033215322392e-01 8.498231706195724655e-02
-1.143415657408092017e+02 2.974932377519881470e+02
-3.982736472495087554e-01 5.815377204467608863e-02
-3.990942477272483302e-01 8.351785909889031245e-02
-4.032340012265240858e-01 5.238146398139065241e-02
-4.014186780319715098e-01 4.984007831816938960e-02
-4.026640713044802311e-01 4.312324835137815171e-02
-3.990199645255696481e-01 4.561333554966040538e-02
-3.989208144657929722e-01 8.336538742358357013e-02
-4.198553037785384134e-01 6.108276669276335724e-02
-4.070341421448784303e-01 3.452342079881987047e-02
-4.010858763115354719e-01 5.405319688395593403e-02
-4.072317341362801102e-01 4.818153884764342365e-02
-3.992492096598301288e-01 3.678636287563108453e-02
-4.004233546491970941e-01 3.495986543470053221e-02
-4.023184892942719415e-01 3.842391066790185050e-02
-4.002065454967684843e-01 2.967832791989621910e-02
-4.042769390595797319e-01 3.666367484728993986e-02
-4.005692942826808434e-01 3.524160815970844851e-02
-4.014897661592424782e-01 3.211796183074966393e-02
-4.106859156605047190e-01 2.352533703154335853e-02
-4.083200431776035089e-01 2.504062805851958728e-02
-4.045443123337069125e-01 2.686961528851838921e-02
-4.057282888950197730e-01 2.641323104660386889e-02
-4.066409999668980646e-01 2.867897028249899449e-02
-4.149153772922975492e-01 2.060702681390580437e-02
-4.106229886072760848e-01 2.313020267305887501e-02
-4.111375431127157754e-01 2.682720217021028475e-02
-4.272083384675067208e-01 2.232171692895690285e-02
-4.195822517570171328e-01 2.136197988804156012e-02
-4.206695881598498943e-01 2.722592466457740557e-02
-4.262972943985392504e-01 1.884580281918601941e-02
-4.226351299250481475e-01 1.968084269506675810e-02
-4.277402144192414823e-01 3.286441431831121918e-02
-4.219842764000976132e-01 2.114021883690497816e-02
-4.211622416798626034e-01 2.537194442868440092e-02
-4.342326141693355623e-01 2.124684855962755137e-02
-4.236965105270247278e-01 1.596799324659059494e-02
-4.211634042527983013e-01 2.039834789172800811e-02
-4.260656147649921621e-01 2.141655721572988114e-02
-4.334693424014730567e-01 2.159643341070704992e-02
-4.208145527575481992e-01 1.939260183164037699e-02
-4.359745411621567257e-01 2.589021181077555411e-02
-4.277748557926095430e-01 1.732819394578655192e-02
-4.289220850320329959e-01 1.421984384060692719e-02
-4.164566089139132288e-01 2.193701639089340460e-02
-4.227773531403613561e-01 1.380232689828631010e-02
-4.327924856619134175e-01 2.007352267651185684e-02
-4.195340034634060800e-01 1.657853035291623200e-02
-4.177926225979540220e-01 1.680334762127699832e-02
-6.313466282816003172e+01 2.865815253050619731e+02
-4.195983806737615396e-01 1.881901982432054865e-02
-4.224479622101728893e-01 1.597838620162406187e-02
-4.242376599795107950e-01 1.997700325793516640e-02
-4.209045984505461746e-01 1.346906554940119349e-02
-4.171748079922288355e-01 1.665048493680387764e-02
-4.196582191142343987e-01 1.345681591286052026e-02
-4.304661696221270262e-01 1.768535145200189618e-02
-4.207071728238247488e-01 1.264763955683179120e-02
-4.182147667684912307e-01 1.428979132526819740e-02
-4.312639363544050752e-01 1.478087345694234500e-02
-4.198298131573992009e-01 1.529580218800674629e-02
-4.202554214258320542e-01 1.229285603318430731e-02
-4.269757922407038109e-01 1.631523982865701328e-02
-4.212151276283311319e-01 1.654692738401308816e-02
-4.198534609289872321e-01 1.424354030214658451e-02
-4.201100499948537959e-01 1.707883473835636323e-02
-4.369969727569191775e-01 1.443601936162508537e-02
-4.263598264238623869e-01 1.368621878330600339e-02
