-5.569411670947197734e+01 2.726569828600697747e+02
-4.048585481894883742e+01 2.822772394817480972e+02
-1.458721908793955606e+02 2.694973190431224452e+01
-5.954975825234442688e+00 2.362887378063427235e+01
-5.954975825234442688e+00 2.554077077855105671e+01
-5.954975825234442688e+00 2.278695094025585632e+01
-5.954975825234442688e+00 2.320489016621827716e+01
-5.954975825234442688e+00 1.703930803648137626e+01
-5.954975825234442688e+00 1.829980544143782950e+01
-5.954975825234442688e+00 1.696500856770539656e+01
-5.954975825234449793e+00 1.643763674745528292e+01
-5.954975825234442688e+00 1.558352533486505820e+01
-5.954975825234442688e+00 1.450071573463878849e+01
-5.954975825234442688e+00 1.484955868738634166e+01
-5.954975825234442688e+00 1.454149932551801783e+01
-5.954975825234442688e+00 1.229378079841354676e+01
-5.954975825234442688e+00 1.167584140628628830e+01
-5.954975825234449793e+00 1.193179203754431583e+01
-5.954975825234442688e+00 1.025327306573424480e+01
-5.954975825234442688e+00 1.038622004675887212e+01
-5.954975825234442688e+00 1.019395924165409184e+01
-5.954975825234442688e+00 9.674660956219037544e+00
-5.954975825234442688e+00 8.654085996145202131e+00
-5.954975825234442688e+00 8.566369952710765290e+00
-5.954975825234442688e+00 9.117228346494552937e+00
-5.954975825234442688e+00 8.473886495591795409e+00
-5.954975825234442688e+00 8.077952433616697903e+00
-5.954975825234442688e+00 7.069261166511399352e+00
-5.954975825234442688e+00 7.146809060418952697e+00
-5.954975825234449793e+00 7.220966746300987893e+00
-5.954975825234442688e+00 7.243790547550524650e+00
-5.954975825234442688e+00 7.381832453824145546e+00
-5.954975825234442688e+00 6.344272294341006813e+00
-5.954975825234442688e+00 7.096556196647103576e+00
-5.954975825234442688e+00 6.333319166147646229e+00
-5.954975825234449793e+00 6.092756910739549170e+00
-5.954975825234442688e+00 2.762139638241075446e+00
-5.954975825234442688e+00 2.663403682168869580e+00
-5.954975825234442688e+00 2.830496116024566078e+00
-1.958419658808132624e+00 1.516773674877173335e+02
-5.954975825234442688e+00 2.550931241070877320e+00
-5.954975825234442688e+00 2.566705922443947685e+00
-5.954975825234442688e+00 2.546301858124685680e+00
-5.954975825234449793e+00 2.491101458024957083e+00
-5.954975825234458675e+00 2.544677971369715408e+00
-2.153101365440777570e+00 1.635162784195852339e+02
-4.071915194141903171e+00 2.946250147612502701e+00
-3.799217074780997905e+00 2.096596858100749614e+02
-2.133750769512117174e+00 5.911516961580218776e-01
-2.225562376218581662e+00 4.622259051231765170e-01
-2.173975462780162182e+00 2.155997978742050236e-01
-2.082313679410218832e+00 1.646269178476984507e-01
-2.105262372428148510e+00 2.120603841229922182e-01
-1.783799428635902729e+01 3.294404638788833495e+01
-2.034667806684979929e+00 1.203935132152196275e-01
-2.063370233288191358e+00 1.045289333659127351e-01
-2.018958177961805767e+00 9.982819999629555241e-02
-2.056015978098586494e+00 6.951025185065873302e-02
-2.012095855075124895e+00 8.831900101307610385e-02
-2.056458284827981764e+00 7.315697353837435912e-02
-2.101927122646555013e+00 7.167434170881392674e-02
-2.039147110063830759e+00 5.707108642604907800e-02
-2.008558798196377282e+00 4.305622385518859119e-02
-2.011773837539623244e+00 5.629611475336560034e-02
-2.116671786458515392e+00 6.279952272439004446e-02
-2.060283756901685415e+00 3.708495117857069090e-02
-2.083754337958939828e+00 4.137174308669955280e-02
-1.743032838316663202e+01 6.354481229559789313e+01
-2.042744539366167622e+00 4.091505539699369365e-02
-2.111239582571229789e+00 3.475336421544739096e-02
-2.039987100410870724e+00 3.808741784618518977e-02
-1.983031903099750082e+00 4.090412262331710735e-02
-2.003553322214554733e+00 4.282705400987651956e-02
-1.976802967137523126e+00 5.080424864840438204e-02
-2.046240782019163262e+00 3.447246440961748704e-02
-2.045268095503890216e+00 3.626464788052885524e-02
-2.014345050498890011e+00 2.844443782566941081e-02
-2.041167746968161723e+00 3.309088210124855323e-02
-2.040869383911009471e+00 3.401779075286981424e-02
-1.994570067316130846e+00 2.866879652586362681e-02
-1.899388232201973281e+00 8.534618314280919549e-01
-2.090297438188061463e+00 2.306913371620765929e+00
-2.209482961057558370e+00 3.017008067757842582e-01
-2.041339235791662432e+00 1.728221521273667349e-01
-2.180265112998120536e+00 1.910447797320671270e-01
-1.961345680697396787e+00 1.128209999844784761e-01
-2.165440759425218076e+00 1.140664210696513692e-01
-2.027450034352850317e+00 9.442621655330185604e-02
-2.285841280769226103e+00 9.658724869464663243e-02
-2.187728323286546761e+00 8.143643682419110519e-02
-2.080484540462724574e+00 8.330570233542289316e-02
-1.998081173421851986e+00 6.149100117301031787e-02
-2.318259969761280459e+00 9.399413096758735264e-02
-2.074645342541340476e+00 5.769368883304082374e-02
-2.118174874027773491e+00 6.856645955159024197e-02
-2.076516690967998180e+00 4.562243904425145047e-02
-2.060219825951914885e+00 4.837380359813892028e-02
-2.161385331196441051e+00 4.347860797099656338e-02
-2.038215039802282469e+00 3.541605296098282452e-02
-2.021178449599747573e+00 2.704253588700566979e-02
