-1.750829951577816601e+01 1.429445521584929111e+02
-1.750829951577816601e+01 1.614517342212261042e+02
-1.750829951577816601e+01 1.411485031248432733e+02
-3.302145433262807295e+00 2.473238755088671326e+01
-1.945320691880121799e+00 1.532510789509468907e+01
-5.358876587974194194e+00 1.407799303432754812e+01
-1.958398157558180586e+00 5.453289727007202714e+00
-1.982272589757780423e+00 1.291168640385649269e+00
-2.030697419545322013e+00 3.717932753134363111e-01
-2.056566060996276590e+00 9.127682033690405206e-01
-2.053475195228837258e+00 4.973252267232624035e-01
-1.044622661098192395e+01 2.446573098032395706e+02
-1.106749692139324281e+00 5.807218750954916686e-01
-4.477736561021199435e-01 3.115355081036881302e-01
-8.140772190863998503e-01 6.975511988552085541e-01
-9.307807622181645257e-01 2.350076664207705335e-01
-1.123400891130890145e+00 3.200158519276783409e-01
-9.166158035359561751e-01 1.835510551722165928e-01
-6.804163576231250232e-01 3.589690397749194517e-01
-8.422900214430413257e-01 1.804598714203393683e-01
-9.295897337894558632e-01 1.555186698273445245e-01
-1.081895850216294974e+00 2.292584215656461311e-01
-9.720190667180794719e-01 1.502458277040830126e-01
-1.215528920908658606e+00 1.677899215525826548e-01
-8.481616287450108871e-01 7.046667817527918487e-02
-7.888107066805201129e-01 5.143982923149792441e-02
-9.166818833663182176e+00 1.252380121781143885e+00
-7.966239286423402177e-01 1.097680562826184314e-01
-6.903690000643152302e-01 6.020850349405293400e-02
-6.658566469023892154e-01 6.676197189753452221e-02
-6.885782263994499885e-01 7.693662391903899334e-02
-7.206956112648938984e-01 9.379098246711237152e-02
-6.901007396881766454e-01 9.540349278803716970e-02
-7.361929823157495889e-01 1.056304047014435810e-01
-4.514766552156300961e+00 1.959810869771843045e+00
-6.040071037939203080e-01 5.823134812033003982e-02
-6.619258510753542879e-01 7.904505281607043798e-02
-6.665583590481034548e-01 6.565917849421509800e-02
-6.653818808150084863e-01 5.161398545349982214e-02
-6.815206848396009320e-01 4.512713961099734661e-02
-4.611664507250155864e+00 5.819254687445436502e-01
-6.472718522024738519e-01 3.538991398403368294e-02
-6.115964152570096957e-01 6.019582521169297706e-02
-7.209674328001813848e-01 4.114516723441852264e-02
-7.048812314640571230e-01 4.386606155144079366e-02
-6.927219295724746928e-01 4.091251917782301462e-02
-7.553257973481297682e-01 5.803051824882743404e-02
-6.567292955537471499e-01 3.788451323923425207e-02
-6.590426749663826911e-01 3.210316350276798403e-02
-6.558818541384745515e-01 3.155985110574022201e-02
-6.838790630531708103e-01 3.212956718796533551e-02
-6.690261232218546184e-01 3.377298414110896374e-02
-6.487692112606247008e-01 3.265597559791899585e-02
-6.764335708510227363e-01 2.621927782033139920e-02
-6.663172312226848248e-01 2.898778833781534559e-02
-6.839943524902984961e-01 3.051450875244654526e-02
-7.103143211629419085e-01 4.009713887047894332e-02
-6.912225009420893684e-01 3.272103205176790652e-02
-7.038731581458481656e-01 4.247723306684747513e-02
-7.347444142851600191e-01 3.278420244635071867e-02
-4.719349262490744934e+00 3.557245636935277844e-01
-7.394259338116651037e-01 3.216692056287229207e-02
-7.774023966117837858e-01 3.933786717422549373e-02
-7.705328444259436083e-01 4.946739990580795165e-02
-7.250547138110583489e-01 3.129849877113599632e-02
-6.966106415452379963e-01 2.522308531997907721e-02
-6.662272666066222371e-01 1.926642677838685813e-02
-7.392677243301033485e-01 3.193087697579244377e-02
-7.670935551943323105e-01 3.439661002643390475e-02
-6.663419641844576802e-01 2.880911534583674438e-02
-6.726325234630028405e-01 2.128181358460778938e-02
-6.821460258238349894e-01 2.146972150252679512e-02
-6.738621227039960360e-01 2.214453288132745001e-02
-7.181577091938926571e-01 2.198491434316451887e-02
-7.079860870308714027e-01 2.240891717134729788e-02
-6.887551591989442556e-01 1.739175290960304210e-02
-5.020227263458166611e+00 3.402348406790167701e-01
-6.689603344485348657e-01 2.108792721978147711e-02
-7.131069819751978400e-01 1.865815098443590614e-02
-7.077044828525504983e-01 1.727090001516273787e-02
-6.770144255845682579e-01 1.669140050566397804e-02
-7.020742979972052211e-01 1.763780551286231457e-02
-6.834814175746917186e-01 1.766641981407701678e-02
-6.999900833458543303e-01 1.632818603074781549e-02
-6.983120627184788987e-01 1.447937361231765863e-02
-7.000426352611182068e-01 1.716063372734311088e-02
-7.061222813008090071e-01 1.679890710286713329e-02
-7.281692593089825749e-01 1.675532473190344263e-02
-6.566469647704771262e-01 1.368418184071629184e-02
-7.168742735134614463e-01 1.510313495131754280e-02
-7.023147250241947859e-01 1.421237002406883221e-02
-7.033919263241212860e-01 1.409660687386349309e-02
-6.934850399144227850e-01 1.437573956644655482e-02
-7.030195375169370209e-01 1.499661308278632532e-02
-7.393199725772099384e-01 1.781880977702599012e-02
-7.062103391091127946e-01 1.809095479833899844e-02
-6.814048664562779578e-01 1.430960792690427752e-02
-7.165690568074793987e-01 1.570362122036783603e-02
-7.016884189582803799e-01 1.469471444596592846e-02
-6.743927229594923745e-01 1.150828525226188503e-02
