-2.747543762452181113e+02 1.265286413783974808e+02
-1.731470448010916030e+01 5.954654641459552522e+01
-1.750829951577816601e+01 3.126951535270112572e+02
-2.136479237261248443e+00 6.623735466196222887e+00
-9.517950367249330412e-01 2.487521274117938503e+02
-2.567428856154435834e+00 1.483632827901089968e+00
-2.905391713819698296e+00 2.448421917235663159e+00
-2.084509355939381692e+00 8.674516174352390863e+00
-2.069459534477568141e+00 7.087365252983204300e-01
-2.723931463613212145e+00 8.455210771270742498e-01
-2.395996505105342678e+00 6.401225730952262438e-01
-4.574522320254654772e-01 7.739341395492175479e+00
-5.110858453279281122e-01 7.164644948673355884e+00
-2.373076345058414027e+00 3.407749819582477357e-01
-3.982164997301538278e-01 6.678439535911024905e-01
-1.285340766535462365e+00 2.790712741040421179e+02
-4.248878161618900862e-01 3.812390899430226909e-01
-4.175310689900122441e-01 5.373686870946698946e-01
-4.374032346380705150e-01 3.250661313659577445e-01
-2.388313202609937846e+00 2.576855690459467496e-01
-4.007146616838710429e-01 2.405252385766800671e-01
-4.035886557891963378e-01 1.373059244076557661e-01
-4.185426417676527677e-01 7.468781585242822985e-02
-2.367463598085140397e+00 1.732924453118869224e-01
-4.215769400009357071e-01 7.180741770460485895e-02
-4.012636222047394341e-01 1.409166659180982606e-01
-4.037602422485111475e-01 1.692046372405968668e-01
-4.997609327697851711e-01 1.083559543303351802e-01
-4.208527211895187747e-01 7.191735181635294794e-02
-2.332479745015219486e+00 1.983720041233425491e-01
-4.123229962603165433e-01 9.033917720017825559e-02
-4.252126475971795827e-01 3.743997837662504935e-02
-4.100297304180564595e-01 5.413406535228659777e-02
-4.007702493379721176e-01 5.595334723130918064e-02
-4.120259759520017440e-01 4.069727895372921012e-02
-4.502329888842293570e-01 1.523265373030255887e-01
-4.190164941495595485e-01 3.872161538575369377e-02
-4.134216230921410329e-01 4.995338448236452678e-02
-2.399965168192187193e+00 7.512833974573140949e-02
-4.183199681626330602e-01 3.433890459575650311e-02
-4.587241382524496203e-01 4.041792523409526439e-02
-4.323265807862455290e-01 2.742904398965606561e-02
-4.945426859089394611e-01 5.012201016532458198e-02
-4.278678076080701942e-01 2.493870821322730080e-02
-2.362554499016423115e+00 1.132966664943637625e-01
-2.390399425819670576e+00 1.112323759847981819e-01
-4.253534761585591184e-01 2.726060950953979045e-02
-2.398594449521578298e+00 8.522029259759733577e-02
-2.407734754166055424e+00 8.267074446249011999e-02
-4.456852977060528076e-01 2.945844425238419717e-02
-4.229384361136769854e-01 2.876921770132412348e-02
-2.392785983739421418e+00 1.025847404928015294e-01
-4.296020994744811361e-01 2.586490187982803945e-02
-4.516877788949980044e-01 2.220002719482749853e-02
-2.362770878695545917e+00 7.932688375072416420e-02
-2.376850971372395094e+00 3.676402848689264147e+00
-1.962661666484915912e+00 3.205551343474979831e+00
-4.560306902740958179e-01 3.300766941026722634e-02
-6.244746495994258240e+00 4.467748297047251071e+00
-3.376216211605265727e+01 2.019387089551872805e+01
-1.350011969977473996e+02 3.176822159600521900e+02
-4.672677966231812974e-01 6.114080194720372674e-02
-9.036039935092254893e-01 2.670810181317449405e+00
-4.562179489755529005e-01 5.079807511822309607e-02
-1.950995614564875069e+01 3.114462042690487351e+02
-4.170972414506568526e-01 3.396721357987075862e-02
-4.386156847307312034e-01 3.726683143398190623e-02
-4.263436024025217819e-01 4.509289941827887560e-02
-4.353125450852264322e-01 4.959924667619475258e-02
-4.339318251585897457e-01 9.733227559425472464e-02
-5.394464979096600388e-01 3.210451094700488284e-01
-4.847050117216724630e-01 2.072532314135173692e-01
-1.347379770239213030e+02 3.279145260988746600e+02
-4.891597129631737317e-01 1.113961733103963070e-01
-4.628290306889208949e-01 5.702921270543015453e-02
-4.171288480876906846e-01 3.373921681227898262e-02
-4.201877730456562432e-01 2.193948222125641223e-02
-4.276517986123344883e-01 2.782331725424569413e-02
-4.544793955479899950e-01 3.397000832870844533e-02
-4.143883220158546266e-01 1.883976186422842147e-02
-4.212362765323991454e-01 2.099524864667046131e-02
-4.439083913761052713e-01 2.234555597368625968e-02
-4.166972830427866370e-01 2.712266606204138952e-02
-4.261324361904872404e-01 1.844050282420539588e-02
-4.237485198533263997e-01 2.670222003348499129e-02
-4.640520879618712513e-01 2.784636222332892430e-02
-4.347068502667603695e-01 1.767493903358285934e-02
-4.874770555464724708e-01 3.876865982530830479e-02
-4.502034571187465417e-01 2.422144918429580684e-02
-4.788001271571005191e-01 3.134748272171350436e-02
-4.520757867162963350e-01 1.950579871939339682e-02
-4.685648166100708778e-01 2.756551448939603688e-02
-4.245612727389165286e-01 1.848336130512961972e-02
-4.819850819655293606e-01 3.437083722283773568e-02
-8.675612893595427977e-01 2.108688766152795324e-01
-4.850303417918944149e-01 3.603928750285945171e-02
-8.862358514918327046e-01 1.877884652257648668e-01
-4.764607363976143262e-01 2.825177813988943853e-02
-7.996567405275794016e-01 1.736156183972923372e-01
-4.863132336454665250e-01 2.793363499213796786e-02
