-1.458721908793955606e+02 1.674546352542220404e+02
-1.750829951577821220e+01 8.844707118669875001e+01
-5.954975825234442688e+00 8.034064011348976919e+01
-5.954975825234442688e+00 2.989128213378887011e+01
-5.954975825234432030e+00 1.879915902868387079e+01
-5.954975825234442688e+00 2.215415562840192010e+01
-5.954975825234442688e+00 1.838429891642050862e+01
-5.954975825234442688e+00 1.944738810232169612e+01
-5.954975825234442688e+00 1.822503649076652366e+01
-5.954975825234442688e+00 1.614907815681347358e+01
-5.954975825234442688e+00 1.473281346423354421e+01
-5.954975825234442688e+00 1.712124870473192928e+01
-5.954975825234442688e+00 1.383162260418211176e+01
-5.954975825234442688e+00 1.288459986410896541e+01
-5.954975825234442688e+00 1.340753171542245425e+01
-5.954975825234442688e+00 1.227987676879122780e+01
-5.954975825234442688e+00 1.098692475883071040e+01
-5.954975825234458675e+00 1.051464195077102914e+01
-5.954975825234442688e+00 1.020518674007668380e+01
-5.954975825234442688e+00 1.029495475681492422e+01
-5.954975825234442688e+00 8.880156040438219378e+00
-5.954975825234442688e+00 8.800674320065361655e+00
-5.954975825234442688e+00 9.001297256584557260e+00
-5.954975825234442688e+00 8.006017033438693531e+00
-5.954975825234442688e+00 7.809064801527288324e+00
-5.954975825234442688e+00 7.739431021368222474e+00
-5.954975825234442688e+00 7.977316297899559316e+00
-5.954975825234442688e+00 7.410901261483907376e+00
-5.954975825234442688e+00 6.924658452041256851e+00
-5.954975825234442688e+00 6.355144721324425205e+00
-5.954975825234442688e+00 6.123230744385349311e+00
-5.954975825234442688e+00 6.106296284167765265e+00
-5.954975825234442688e+00 6.340515819566657996e+00
-5.954975825234449793e+00 6.054489771286608146e+00
-5.954975825234442688e+00 5.583665596163957190e+00
-5.954975825234442688e+00 5.637575375080217555e+00
-5.954975825234442688e+00 5.531264938583689172e+00
-5.954975825234442688e+00 5.397063760449022141e+00
-5.954975825234442688e+00 5.181520111987961030e+00
-5.954975825234442688e+00 4.964147626404770364e+00
-5.954975825234442688e+00 5.166763285383353832e+00
-5.954975825234442688e+00 4.441339527121421327e+00
-5.954975825234442688e+00 4.245545902135486216e+00
-5.954975825234442688e+00 4.650203351625121329e+00
-5.954975825234442688e+00 4.355064923125144816e+00
-5.954975825234442688e+00 3.867064209580735934e+00
-5.954975825234442688e+00 3.929656198854697635e+00
-5.954975825234442688e+00 3.886264761170874493e+00
-5.954975825234442688e+00 3.826651910113941568e+00
-5.954975825234442688e+00 3.691934836785215168e+00
-5.954975825234442688e+00 3.820785748008063365e+00
-5.954975825234442688e+00 3.641796730058743492e+00
-5.954975825234442688e+00 3.393419611896824506e+00
-5.954975825234442688e+00 1.688208416622803298e+00
-5.234620478517929776e+00 1.290059766749941446e+02
-5.954975825234442688e+00 1.847500773498932602e+00
-5.954975825234442688e+00 1.491803401255296535e+00
-5.954975825234442688e+00 1.690990793475304343e+00
-5.954975825234442688e+00 1.570446449557330482e+00
-3.226579872740719779e+00 1.537937363781239526e+02
-5.954975825234442688e+00 1.604094756198488625e+00
-5.954975825234442688e+00 1.418840251608180836e+00
-5.954975825234442688e+00 1.627493659821141136e+00
-5.954975825234442688e+00 1.400929596173213554e+00
-5.954975825234442688e+00 1.355449188933050664e+00
-5.954975825234442688e+00 1.310103265142569029e+00
-5.954975825234442688e+00 1.346704263694675774e+00
-5.954975825234442688e+00 1.271809872450500478e+00
-5.954975825234442688e+00 1.416807488284455019e+00
-5.954975825234442688e+00 1.270750915309186269e+00
-5.954975825234442688e+00 1.301252044377317674e+00
-5.954975825234442688e+00 1.141701811092538321e+00
-5.954975825234442688e+00 1.101008453835639500e+00
-6.276670691840386951e+01 2.107617040358932172e+02
-1.186104752428307307e+02 2.868376397487718350e+02
-6.677295286496323001e+01 2.610235720074815049e+02
-1.960758865447754573e+01 1.266896039109075218e+02
-1.943941196700779628e+01 1.470806207250091120e+02
-7.348463299026884954e+01 2.528671616896560863e+02
-8.423796470107898671e+00 4.202900024131812984e+01
-7.017554354735249689e+00 8.940979228168686177e+00
-1.175977454102432951e+01 1.517834747396884154e+01
-5.890548762930744253e+00 6.385422453930431175e+00
-4.112988045072595078e+00 3.036130462343237468e+00
-2.732395005097414753e+01 3.047801482446412820e+02
-1.939570515801404937e+00 4.860222743561450898e-01
-1.916507373889899668e+00 3.572219838041519324e-01
-1.866227041914449103e+00 3.043425205138703404e-01
-1.905127458006464991e+00 2.505608605994495974e-01
-1.908368163150413466e+00 1.901678154671060383e-01
-1.994819767060175053e+00 1.141134059379453447e+00
-1.988789371434011244e+00 1.243425255326229717e+00
-1.857210192773868229e+00 1.668705948319484378e-01
-1.959267747462419607e+00 8.639092325864226041e-01
-1.952638357244449452e+00 5.161560943152210257e-01
-1.943221386070881351e+00 4.329450505229885948e-01
-1.943519272659212760e+00 3.806264826932022061e-01
-1.960168324091426939e+00 3.853924304490874420e-01
-1.969143608156647574e+00 3.024853547824477573e-01
-1.958473317470883046e+00 2.528917679115636474e-01
