-1.458721908793955606e+02 1.600079331407580696e+01
-1.141291477786001707e+01 6.039582143335527320e+01
-1.458721908793955606e+02 7.045916143333066373e+01
-5.954975825234442688e+00 2.023151481938048590e+01
-5.954975825234442688e+00 1.899548984991902856e+01
-5.954975825234442688e+00 1.530850337138609518e+01
-5.954975825234442688e+00 9.187673384314905434e+00
-1.750829951577816601e+01 1.395635889423600418e+02
-4.728926562682939760e+00 5.473692961895969233e+01
-5.608829950547649545e+00 1.563184562063838712e+01
-1.209989936316104320e+01 1.312244216260888834e+02
-2.201112892192539050e+01 1.888088647201568051e+02
-1.956582417568885290e+00 1.184980813170335523e+01
-1.237793878099587630e+00 1.176440867922966049e+01
-1.620410330306380047e+02 1.841408273431031830e+02
-5.802071519862064264e-01 1.202164019358917812e+00
-1.943141718803270024e+00 3.430570289405707740e+00
-4.629708608846669904e-01 6.583242440047740729e-01
-5.398940591080076956e-01 6.428762847366726874e-01
-4.549981933755482544e-01 4.035035433480089750e-01
-4.957778471422393807e-01 2.887712039696737065e-01
-5.092355216796775608e-01 2.509590036410855873e-01
-4.902367699307479398e-01 3.894346875373884131e-01
-1.943512385949283328e+00 4.233947718905284319e-01
-4.840896818576592153e-01 9.902636000653330939e-02
-4.541116632504920148e-01 1.119389071736236474e-01
-2.015483844831913451e+00 2.482859138975328506e-01
-4.564872814951321800e-01 1.164547791844370295e-01
-4.542879286736951627e-01 6.591036244310544134e-02
-1.943534349693823771e+00 3.344262988878199394e-01
-4.597351683140971090e-01 5.065670562595414594e-02
-4.536995579241338561e-01 8.123380342875918814e-02
-1.943405520887750981e+00 3.058439327290898291e-01
-4.454421162964212755e-01 7.641628121301380361e-02
-4.799763612603982210e-01 5.297369587326272722e-02
-4.579409486563150722e-01 5.406354780966182716e-02
-4.751046678010588664e-01 5.647843593112611416e-02
-4.691392356346515413e-01 5.533254530165265805e-02
-4.892898013352109388e-01 7.264981641864665107e-02
-4.611145951870412318e-01 4.982457257759165259e-02
-2.060157600129632449e+00 1.771115932884299582e-01
-2.089639759943824338e+00 2.673642620919451929e-01
-4.686559403920274036e-01 4.517262034029556617e-02
-4.979551256437488860e-01 4.988785316132293701e-02
-1.954429072998863148e+00 1.793381931520059425e-01
-4.455088340270023650e-01 4.259775599638260246e-02
-4.568372088285261867e-01 4.420804987147164411e-02
-4.804449179554577398e-01 6.398530804152358087e-02
-4.487761106494527752e-01 4.189248317982219305e-02
-1.954517947347440554e+00 1.869088555916107453e-01
-4.400168079732544868e-01 4.844521381268407367e-02
-4.501302470955526047e-01 4.355583032821641609e-02
-4.531939021126820677e-01 4.247769755080810228e-02
-1.949700504716330940e+00 1.451837559981896675e-01
-4.423653234192741479e-01 3.949682422376099566e-02
-1.962367455501745184e+00 1.538990704479772376e-01
-1.949322122632933585e+00 2.054580689148792771e-01
-4.432493581508314406e-01 3.552928571933477997e-02
-4.498108836097785002e-01 3.815369304120963534e-02
-1.946639394584893878e+00 1.810580273366326765e-01
-4.535355528869100539e-01 3.514273096250519757e-02
-4.450986039775752801e-01 2.737771844569181212e-02
-4.495550517903339482e-01 2.700404167542558298e-02
-4.446258056615217669e-01 2.508832310626019080e-02
-1.948871401288858607e+00 1.483022474930066892e-01
-4.586728903800185719e-01 2.382820772902505269e-02
-1.952664493461544026e+00 1.296610286669874768e-01
-4.663085028650169050e-01 2.218815033089072131e-02
-1.949048685465534447e+00 1.330112242592917937e-01
-4.616200436106261407e-01 3.153005194388924792e-02
-4.521528215821852825e-01 2.674533697768310958e-02
-4.576582071107857530e-01 2.884491653996690275e-02
-4.573884165910531152e-01 2.989930030896914559e-02
-4.623561853308491010e-01 3.037800866967188540e-02
-4.648106561991927066e-01 2.719511283133613233e-02
-4.729986087387256788e-01 3.020701355956134648e-02
-4.717095224440548407e-01 3.083335708603840430e-02
-4.627062241499313444e-01 2.709498031794055350e-02
-4.622020252482812452e-01 2.927115055136653154e-02
-4.804875810793607371e-01 3.297680132057223545e-02
-4.739377485861400174e-01 2.523555690852674616e-02
-4.774666930798296960e-01 3.203302995771650785e-02
-4.675731613545455190e-01 2.263039876002892470e-02
-4.729681261324572006e-01 2.141759229574802248e-02
-4.638493412595465770e-01 1.850315984104611289e-02
-4.664158518433261236e-01 2.239008979236700725e-02
-4.782650014969895835e-01 1.959197354467789864e-02
-4.823172350997477764e-01 2.149153035342976636e-02
-4.775456023172868214e-01 2.212911285204199885e-02
-5.007545663525796442e-01 2.543933340122350728e-02
-4.738044926534552559e-01 1.734634565792703143e-02
-4.793743779839463315e-01 2.228533319053838113e-02
-4.736755494734801175e-01 1.507801260804342292e-02
-1.954568543653202539e+00 8.029474303694428272e-02
-4.741567208444070758e-01 1.893919193659598932e-02
-4.756104104965821477e-01 1.848975169531286156e-02
-4.797913929707995351e-01 2.029582373668858963e-02
-4.815362957053999082e-01 2.041373278464675423e-02
-4.844656585676201388e-01 2.012799656455399600e-02
-4.806156742017737571e-01 1.683855462498229372e-02
