-5.954975825234442688e+00 8.580932219142314921e+01
-5.954975825234442688e+00 3.011367915177453369e+01
-2.747543762452181113e+02 1.988763394652793792e+01
-1.750829951577816601e+01 1.185184310353044523e+01
-5.954975825234442688e+00 2.570254245649699243e+01
-5.954975825234442688e+00 2.484090022617339244e+01
-5.954975825234442688e+00 1.504657979668783341e+01
-5.954975825234442688e+00 1.147442262893140352e+01
-5.954975825234442688e+00 1.137663751914588772e+01
-5.954975825234442688e+00 9.733880674261243371e+00
-5.954975825234442688e+00 8.283159478221030270e+00
-5.954975825234442688e+00 7.731468597998130576e+00
-5.954975825234442688e+00 6.489702260069607931e+00
-5.954975825234442688e+00 6.380237198280804378e+00
-5.954975825234442688e+00 5.546593420961229981e+00
-5.954975825234442688e+00 5.926854826538139775e+00
-5.954975825234442688e+00 5.187299271763411213e+00
-5.954975825234435582e+00 4.658129861212078282e+00
-5.954975825234442688e+00 4.562187532207044427e+00
-5.954975825234442688e+00 4.646392126440463954e+00
-5.954975825234442688e+00 3.938550757095192978e+00
-5.954975825234442688e+00 3.474780703439218854e+00
-5.954975825234442688e+00 2.763096992219125525e+00
-5.954975825234442688e+00 3.125310360960593670e+00
-5.954975825234442688e+00 3.250910492640066707e+00
-1.750829951577816601e+01 1.100308913976679293e+01
-5.954975825234442688e+00 2.482604668954941474e+00
-5.954975825234442688e+00 1.313783854702283094e+00
-5.954975825234442688e+00 1.181551568751974202e+00
-5.954975825234442688e+00 1.359262233991604063e+00
-5.954975825234442688e+00 9.544539944362711026e-01
-5.954975825234442688e+00 1.432014470673973250e+00
-5.954975825234442688e+00 1.151388708972696406e+00
-5.954975825234442688e+00 1.101779186806876254e+00
-5.954975825234442688e+00 9.329880129401431077e-01
-5.954975825234442688e+00 8.991620546106560141e-01
-5.954975825234442688e+00 9.968635748188461321e-01
-5.954975825234442688e+00 8.916354153635133173e-01
-5.954975825234442688e+00 1.058968704409743111e+00
-5.954975825234442688e+00 1.032686583039705397e+00
-2.376322016544773419e+01 4.865178977401122751e+01
-1.657195069109909369e+01 1.386202234442256724e+02
-1.666278967871186723e+01 1.459975614002415227e+02
-1.458721908793955606e+02 1.467498650279499941e+02
-2.148583529366168321e+01 2.051713190308870480e+02
-1.604055780668177889e+01 2.180662370234952618e+02
-1.149564960912814016e+01 1.867420036011459388e+02
-4.433002318190037983e-01 8.855627449351572977e-01
-1.329669443291343782e+02 2.050796129050730769e+02
-4.723133782888471188e-01 1.210797873918892265e+00
-4.760334903829441799e-01 1.344884549386833328e+00
-4.379604078826684344e-01 6.817717464343644451e-01
-4.779055774959282132e-01 4.952863570371022206e-01
-4.999633888467727161e-01 7.075404507150295785e-01
-5.954975825234442688e+00 5.264061833585742534e-02
-4.529862925337759805e-01 3.124796537166218968e-01
-4.542621081252917747e-01 2.297450926749888822e-01
-5.954975825234442688e+00 4.410134560481537846e-02
-4.259713373875726461e-01 2.834622823190784402e-01
-4.832513844283212734e-01 1.518318577829376181e-01
-4.579382405750163088e-01 1.261160924332216382e-01
-4.318105951023785138e-01 1.511881792561950988e-01
-4.472794128804942204e-01 1.295776664056518257e-01
-4.481725821289401779e-01 1.223641287541852307e-01
-4.601171582610437127e-01 1.392223703179951144e-01
-5.954975825234442688e+00 2.825924959832093464e-02
-5.234346666879314824e-01 1.481759496726056113e-01
-4.989316250789812557e-01 1.287763434157227493e-01
-5.954975825234442688e+00 3.798061458995505291e-02
-4.805237921887144381e-01 1.339121317995051186e-01
-4.257247360688172222e-01 2.489400006465558590e-01
-5.954975825234442688e+00 2.737317074546297135e-02
-4.844683544587233825e-01 9.814389911547038992e-02
-4.281393190481423972e-01 9.380938812304862040e-02
-4.394742150290102956e-01 6.793286619280536343e-02
-4.843597665937675600e-01 9.940103885213602553e-02
-4.678826568034430977e-01 7.626419610453183395e-02
-5.954975825234442688e+00 2.806783930141421024e-02
-4.984487936564612198e-01 9.814878436162643993e-02
-4.383637321377769069e-01 7.157057911565800623e-02
-5.954975825234442688e+00 2.744157699707727716e-02
-4.269512835079023461e-01 7.253476609766096317e-02
-4.355362835285401246e-01 5.437081768620544153e-02
-4.658537042665855665e-01 6.318383683846207077e-02
-5.954975825234442688e+00 2.545496702106220255e-02
-5.954975825234442688e+00 2.373619524327352792e-02
-4.472694763359026382e-01 5.405810739929961528e-02
-4.805997869917568721e-01 5.460129620712450560e-02
-4.623986326035804950e-01 4.464775375052454365e-02
-5.954975825234442688e+00 3.057613455185048679e-02
-4.234469980756703222e-01 6.825219029198592580e-02
-4.234988844543874364e-01 5.170536835652228547e-02
-4.407090557302808520e-01 4.333861069129341104e-02
-4.196851458552330882e-01 5.063512699028649422e-02
-4.229904002066859903e-01 6.989355503824867810e-02
-5.954975825234442688e+00 3.091788024971720006e-02
-4.174122617459428142e-01 3.265317647601762019e-02
-5.954975825234442688e+00 2.905804176189974442e-02
-5.954975825234442688e+00 2.433386035970386274e-02
-5.954975825234442688e+00 2.894404254949733968e-02
