-1.458721908793955606e+02 3.345625418106325810e+01
-2.747543762452181113e+02 2.957358966395000621e+01
-1.458721908793955606e+02 3.569727567464651941e+01
-1.750829951577816601e+01 3.376751978390149134e+01
-1.750829951577816601e+01 2.734097486525865150e+01
-5.954975825234442688e+00 9.117911498383583080e+01
-5.954975825234442688e+00 3.271236066070605375e+02
-5.954975825234442688e+00 2.067738662609315270e+00
-9.387900359302259190e+00 1.779103147727823853e+00
-5.954975825234442688e+00 1.316190664571735169e+00
-5.954975825234442688e+00 1.388672439244089674e-01
-5.954975825234442688e+00 4.429626249443003871e-01
-5.954975825234442688e+00 1.679135566174920768e-01
-5.954975825234442688e+00 6.645704275524622062e-02
-5.954975825234442688e+00 2.145397734597906947e-01
-5.954975825234442688e+00 9.055339398005912699e-02
-5.954975825234442688e+00 8.579330997318379559e-02
-5.954975825234442688e+00 5.947169892255033119e-02
-5.954975825234442688e+00 6.496683048743534528e-02
-5.954975825234442688e+00 7.859084710511865524e-02
-5.954975825234442688e+00 5.708233228449444141e-02
-9.531497368824883409e+00 1.519078768225085696e+00
-5.954975825234442688e+00 4.484096075375987311e-02
-5.954975825234442688e+00 7.121280732692980564e-02
-5.954975825234442688e+00 7.825089323412726117e-02
-5.954975825234442688e+00 8.041043311391149473e-02
-5.954975825234442688e+00 4.395311142164359808e-02
-5.954975825234442688e+00 3.614524076081693238e-02
-5.954975825234442688e+00 4.097324241513433662e-02
-9.654056065316639845e+00 1.684124664775907831e+00
-5.954975825234442688e+00 4.726299351551688233e-02
-5.954975825234442688e+00 3.748734420798882638e-02
-5.954975825234442688e+00 3.172561749877900183e-02
-5.954975825234442688e+00 3.603111820464732773e-02
-5.954975825234442688e+00 2.267574106909364673e-02
-5.954975825234442688e+00 2.784794322931816168e-02
-5.954975825234442688e+00 3.624328141034993678e-02
-5.954975825234442688e+00 2.119136233204699238e-02
-5.954975825234442688e+00 2.103246542196757218e-02
-5.954975825234442688e+00 2.562662238571533635e-02
-5.954975825234442688e+00 2.163244939410446932e-02
-5.954975825234442688e+00 2.281067848619500182e-02
-5.954975825234442688e+00 2.480269976331328508e-02
-5.954975825234442688e+00 2.635020195418746880e-02
-5.954975825234442688e+00 2.292586593588907817e-02
-5.954975825234442688e+00 2.031553499628557802e-02
-5.954975825234442688e+00 2.287887810234678909e-02
-5.954975825234442688e+00 2.241751006670256174e-02
-5.954975825234442688e+00 2.221557964674047980e-02
-5.954975825234442688e+00 2.526575339771852668e-02
-5.954975825234442688e+00 1.989982005730439596e-02
-5.954975825234442688e+00 1.826551605427084723e-02
-5.954975825234442688e+00 2.159719258904146955e-02
-5.954975825234442688e+00 1.849127616907253469e-02
-5.954975825234442688e+00 1.709420503351566367e-02
-5.954975825234442688e+00 1.703320156710219635e-02
-5.954975825234442688e+00 2.123418028432411120e-02
-5.954975825234442688e+00 1.607507242420069815e-02
-5.954975825234442688e+00 1.578999437597872202e-02
-5.954975825234442688e+00 1.304264073922922762e-02
-5.954975825234442688e+00 1.420225881557257708e-02
-5.954975825234442688e+00 1.982274057419886049e-02
-5.954975825234442688e+00 1.509516658177290083e-02
-5.954975825234442688e+00 1.514247334563378899e-02
-5.954975825234442688e+00 1.142035561883858463e-02
-5.954975825234442688e+00 1.223108985789167491e-02
-5.954975825234442688e+00 1.337202135070469922e-02
-5.954975825234442688e+00 1.528440586454848926e-02
-2.231209284749234456e+01 1.631283812323377447e+01
-5.954975825234442688e+00 3.178970357365074051e-02
-5.954975825234442688e+00 1.871720203007498640e-02
-3.587826132342207153e+00 1.949790335995714941e+00
-3.677381304692523223e+00 1.961065123846339020e+00
-3.410131112779653861e+00 1.357776269285750459e+00
-3.289533417047860731e+00 5.252168095344131871e-01
-3.377055320760373291e+00 4.693754873019031493e-01
-3.248224580041844334e+00 2.431814306031014894e-01
-3.333885309350886672e+00 2.451445081068186482e-01
-3.259515567363046706e+00 1.724549754120232592e-01
-3.189929122379201232e+00 2.551430462114012698e-01
-3.333228315949796183e+00 1.074256921448579760e-01
-3.270878318050165490e+00 1.388495191246761351e-01
-3.320761055308846466e+00 9.578346568417828166e-02
-3.228340009305293634e+00 9.315552181288921929e-02
-3.273059629369055479e+00 8.769918806783039145e-02
-3.310408664536021561e+00 7.819889380681388502e-02
-3.443504452599657206e+00 6.855641022841041377e-02
-3.248262594640632273e+00 8.040500400790051572e-02
-3.194944220273235658e+00 7.861172158260387732e-02
-3.312438999064445611e+00 5.741735386371260574e-02
-3.286309967098511642e+00 6.005209344621675882e-02
-3.368194415444612844e+00 6.524654311755284652e-02
-3.219011339585886589e+00 7.025323212349121604e-02
-3.264160525831493409e+00 4.794462246738362410e-02
-3.330374787397567538e+00 4.632993167766130682e-02
-3.272675209278512298e+00 4.228558718358499391e-02
-5.954975825234442688e+00 1.586410597528242761e-02
-3.347990171888859834e+00 3.659649881191739951e-02
-3.322142087357556228e+00 3.431888428019647108e-02
-3.329715481072907046e+00 3.853078188518566094e-02
