-5.954975825234432030e+00 2.288048772861314717e+01
-5.954975825234442688e+00 2.920712705280782728e+01
-5.954975825234442688e+00 1.363686355310774445e+01
-3.505080951031112946e+00 5.241435075900540141e+00
-3.735330892721706597e+00 5.918141597382955865e+00
-3.050182414200187431e+00 5.082633790191593448e+00
-2.593852433367224819e+00 3.062585454037645150e+00
-2.469124745602035098e+00 2.378403590454517769e+00
-3.344207746312079621e+00 3.904402610967849796e+00
-2.128190159919878255e+00 8.753531863325036966e-01
-2.157010578778990606e+00 1.374664167167466644e+00
-2.015709162974148150e+00 7.140184652499499407e-01
-2.094765755265364682e+00 1.057298107895206840e+00
-2.141892973713277470e+00 4.107703944002167873e-01
-2.206159268376192806e+00 4.461284579754618562e-01
-2.068467491218596521e+00 2.594349747561892627e-01
-2.002254617364957134e+00 3.528016682432735251e-01
-2.032666116738867323e+00 4.291556936775435815e-01
-1.989486892345968982e+00 2.620755931352363177e-01
-1.981452328180742128e+00 2.197037746105507949e-01
-1.981916584466993925e+00 1.691845203234407791e-01
-1.973288463805648263e+00 1.973435719056197968e-01
-2.011407816951454208e+00 2.165086864059730942e-01
-1.990935712318520956e+00 1.638418339687746084e-01
-1.958963702843764310e+00 1.383096559512182466e-01
-1.994627966736981506e+00 1.218298234526997703e-01
-1.999831211133924924e+00 8.777214167909619391e-02
-1.971929362999913948e+00 9.673428521921323409e-02
-2.000688667621802530e+00 7.145289976439528346e-02
-2.000833732262416120e+00 6.936048497504998522e-02
-2.001751038905351443e+00 6.884172683164990758e-02
-1.998310134973898755e+00 8.614571680479343740e-02
-1.987494240887793140e+00 9.371357671825819580e-02
-1.997691367763133385e+00 5.615625827451253826e-02
-2.011214059921824671e+00 4.306945685735286133e-02
-2.003636119521535086e+00 6.648150420197396215e-02
-2.042980875936614815e+00 3.800924744972178360e-02
-2.012425522359780672e+00 4.158153119705332301e-02
-2.011152230168256061e+00 5.286059873613169202e-02
-4.299569017350375333e-01 3.656003783045207456e-01
-1.235018326269885947e+00 8.480034855563189922e-02
-2.047933901424373815e+00 4.178732225543058121e-02
-3.979205260839222547e-01 3.783688567844620820e-01
-4.794159159576221185e-01 2.148096953326472658e-01
-4.224585333332573356e-01 3.816040636168054334e-01
-1.939699486976220300e+00 4.021101227235135411e-02
-5.875959240635602043e-01 1.326171094026875608e-01
-2.050197653963908628e+00 4.379986590052453721e-02
-1.170089312431246142e+00 5.689583141601701755e-01
-1.772640118147918997e+00 6.977444528170195781e-01
-8.209362210320954034e-01 2.347634217483971497e-01
-7.230636020749710013e-01 2.040418264113128544e-01
-9.183591655287930422e-01 1.938957013653919148e-01
-1.189183242443629496e+00 2.023964511166411739e-01
-9.762075904449076802e-01 1.522956921892983928e-01
-1.491579606180296835e+00 1.918006782912868857e-01
-1.527549019467389968e+00 1.675231982180207524e-01
-1.428013352902135935e+00 1.517903584965267783e-01
-1.448133375860898298e+00 1.122942208565405053e-01
-1.128823898389661906e+00 7.719802175151357915e-02
-8.642622247933910984e-01 7.036888644104521973e-02
-1.216302998102761990e+00 1.020489094100867078e-01
-9.119695710264092980e-01 7.975437302312116117e-02
-1.597126152688479905e+00 9.156105995019458987e-02
-1.235003334820438781e+00 7.897399268040317111e-02
-9.473702452256027584e-01 5.389105854364117931e-02
-1.159167150111539257e+00 6.422501554700943416e-02
-9.911022092016512630e-01 4.618212010672095857e-02
-1.424989360803294858e+00 6.520971096223604491e-02
-1.115212261491958401e+00 6.083589655186472100e-02
-1.049725582047932093e+00 4.054499824503920991e-02
-9.515573619190700327e-01 4.157748985468856517e-02
-8.114903458737003916e-01 3.352740106083729188e-02
-1.181251833329628909e+00 4.756090084113395733e-02
-1.262355035243539092e+00 4.841605717869867931e-02
-8.888685269919083254e-01 3.608577334617280030e-02
-9.553834672334016176e-01 3.541602245479680278e-02
-7.229124969753062402e-01 3.019074787982845010e-02
-1.096958267814052590e+00 4.106195723065297898e-02
-9.713714091302865228e-01 3.167905523385172728e-02
-8.371753567090767234e-01 2.950945549838479565e-02
-1.275841930740920560e+00 4.548298687102203530e-02
-7.957360524064966967e-01 3.042223812694544449e-02
-8.092474165725267454e-01 2.816872137148607180e-02
-7.984795398676762801e-01 2.505994359769658786e-02
-9.243331484850081381e-01 2.758656030147221827e-02
-7.149452803376341592e-01 2.663958241603836541e-02
-5.103420733621568672e-01 3.241088559873617214e-02
-7.489894729819734920e-01 3.261509077591995265e-02
-7.707860218978321853e-01 2.359240552361541177e-02
-1.057564449834361042e+00 3.133061752697585689e-02
-6.344733587008093423e-01 2.547918538095927943e-02
-9.666676580346393877e-01 2.901047029197911797e-02
-9.615089808808470195e-01 2.541585675416513368e-02
-8.440342232082773677e-01 2.228837721607135336e-02
-9.710537918336097363e-01 2.680204108348505088e-02
-7.189811155932659403e-01 2.464186857186234647e-02
-7.703795355301714665e-01 2.062077158582553693e-02
-7.290168206534435313e-01 1.701543704599828288e-02
-6.707358166579169279e-01 1.954891307869388584e-02
