-7.422613472426456838e+01 6.594557508663750411e+01
-2.794496756488325673e+01 5.699714847153035890e+01
-1.519503600837260038e+01 1.377156008943098868e+02
-2.747543762452181113e+02 1.586554886420832986e+02
-1.933135579763700207e+01 1.351954865511762875e+02
-5.954975825234442688e+00 8.682205362361899859e+01
-5.954975825234442688e+00 4.451454409322003158e+01
-1.971354536505359079e+00 4.614792418353023606e+01
-5.954975825234442688e+00 3.690368444981083229e+01
-1.750829951577816601e+01 6.119030830060254544e+01
-2.085269811781399696e+00 2.169367348948907193e+01
-7.677639807644253800e+00 5.558470644898937962e+01
-2.004205337355768890e+00 2.232999678365342788e+01
-7.974617279108835888e+00 3.027730913593620699e+01
-9.963545764455083997e+00 4.025454877965580636e+01
-5.277787960737546413e+00 1.105116966119740596e+01
-1.945885737819121886e+00 4.559093933306712643e-01
-5.525030792105241062e-01 1.554711270150278324e+00
-4.995350923707579938e-01 1.042965490581963195e+00
-4.202885212241795898e-01 5.370180995713838001e-01
-1.943373142862544256e+00 8.774072278318953977e-01
-4.980943726341244826e-01 6.458824333849122468e-01
-4.443745207727527458e-01 6.943712250009070885e-01
-5.819979400840900041e-01 7.275645787072164694e-01
-1.405898669525295475e+01 2.982723904714583796e+02
-1.943373751819637008e+00 2.831411516520176974e-01
-1.243943698422084942e+01 3.235681944354869302e+02
-4.416898157252049373e-01 4.042830290662777770e-01
-4.779692955517216291e-01 2.474671246939408320e-01
-4.368718583612807294e-01 2.132377291827651788e-01
-4.224554836545575398e-01 4.303853131013681832e-01
-1.945487270160374038e+00 2.423877371128924096e-01
-1.943475914328958609e+00 1.564397375057922090e-01
-4.410513174531907055e-01 1.904352621325813288e-01
-4.519721024585283686e-01 1.478270097015297324e-01
-1.944666785326479186e+00 1.472053236368253692e-01
-4.271326519331264393e-01 1.372576326087937559e-01
-4.136894530315977647e-01 1.143414230210169080e-01
-4.448482007812391004e-01 1.734827224540254065e-01
-5.118902088745870493e+00 1.764726400958648469e+02
-4.199587314094888058e-01 7.885652619583538581e-02
-4.656789127963936181e-01 1.066754508003953106e-01
-1.943945529755909618e+00 1.024761615719000929e-01
-4.118032586127284844e-01 7.250042571698145366e-02
-4.176388733703788603e-01 9.402335688494645183e-02
-4.117338341985128380e-01 9.464165964115522911e-02
-4.244793745247505967e-01 6.581802427783145504e-02
-3.605930676851857974e+00 1.245736167104112724e+01
-4.142682314895100859e-01 5.324902039740209148e-02
-4.058652421565742685e-01 7.039359697324698573e-02
-4.005534138013615575e-01 1.031950239132868319e-01
-4.185976136301157169e-01 8.104895315895532804e-02
-1.943635741647455006e+00 7.902381762949062249e-02
-4.136264054008726987e-01 7.334765477278892831e-02
-4.065083113887180133e-01 4.806593940736547665e-02
-4.083175617540355518e-01 3.880908225966095415e-02
-4.087689169285066981e-01 5.933849023745096929e-02
-4.035249977711838909e-01 6.407436718163239675e-02
-4.131822713200872244e-01 5.748685904117678547e-02
-4.075064815924420714e-01 5.106769299027291709e-02
-1.944361936094223253e+00 8.041727299251988370e-02
-4.126194297334286887e-01 5.613070338569059459e-02
-4.196415802042174903e-01 3.962651261790028911e-02
-1.944163571091401366e+00 1.021026837897522910e-01
-1.944859542524056906e+00 9.413595092453874713e-02
-1.946156268247207777e+00 7.647824431128924516e-02
-4.270467742347676676e-01 4.105289273496737223e-02
-1.943395504069519220e+00 6.687762827149867917e-02
-1.943607790412897884e+00 6.673016573174095356e-02
-4.990612900362645377e-01 3.763737825062207776e-02
-1.943253113172861646e+00 6.562382498790952923e-02
-4.093828250259203827e-01 4.300193965630683124e-02
-4.147239390872332621e-01 4.262958606432221131e-02
-4.157438430422253361e-01 3.413402509715979249e-02
-4.110056394201517804e-01 3.232049705232498127e-02
-1.945690885295393358e+00 7.691330911157479022e-02
-4.051375292330323674e-01 3.622621876894527304e-02
-4.267235407441951622e-01 3.599508356077762983e-02
-4.273841305572148030e-01 3.295384989891658734e-02
-4.524602989231070183e-01 3.043437958902472928e-02
-4.141052237568629835e-01 2.966833908234889350e-02
-4.262413961288444852e-01 3.018808585318311088e-02
-4.277634868930242362e-01 2.587320882813060052e-02
-4.107155430862725609e-01 2.632246402487226078e-02
-1.945534776444786118e+00 5.462145244410976375e-02
-4.189834883221656980e-01 3.379819225477831424e-02
-4.523598122282148637e-01 3.221696636373394540e-02
-1.948768559002671097e+00 5.642880053864018919e-02
-4.036796748819728720e-01 5.769689991137738616e-02
-5.175063816615548262e-01 4.420782421567537313e-02
-1.944587285733357263e+00 5.690896859692884391e-02
-4.068701758044941386e-01 2.734634325994989013e-02
-2.629593417895968344e+00 7.058428650493624446e-01
-4.215079768436069685e-01 2.399768842815319658e-02
-4.095155575323090602e-01 2.593160035169717048e-02
-4.050311627973250950e-01 2.127062669092083524e-02
-1.946534175740076478e+00 5.193804270228952191e-02
-4.081360038405961177e-01 3.628310669984102788e-02
-5.045362953337662049e-01 2.880284032039526210e-02
-1.944929555801250487e+00 4.549744957006396362e-02
