-1.750829951577816601e+01 9.118165065488740950e+00
-1.750829951577816601e+01 7.723413492679434000e+00
-1.750829951577816601e+01 5.554550457502671179e+00
-1.750829951577816601e+01 4.628825928482944718e+00
-1.750829951577816601e+01 3.799839046806713583e+00
-1.750829951577816601e+01 3.344643013760080663e+00
-1.750829951577816601e+01 2.376720519543171761e+00
-1.750829951577816601e+01 2.742112653433519398e+00
-1.026982541253398864e+02 1.972296919009345118e+01
-2.747543762452181113e+02 8.316523405576938899e+01
-1.458721908793955606e+02 1.788959284522854887e+02
-7.247497367875048724e-01 9.520693733141074233e+01
-1.965328812438473349e+00 1.837569920577174969e+02
-6.330061324549500767e-01 1.053879509476242760e+01
-2.401228316171455823e+00 1.779153483666429452e+02
-5.954975825234442688e+00 1.633954264194175110e+01
-2.074175907828928800e+00 2.555730714060531028e+01
-9.748719032485766434e-01 1.816695268131165264e+01
-1.972916114868290549e+00 9.486563096440509213e+00
-1.218018332116391989e+00 1.899379604277127243e+01
-1.145436564768702503e+01 1.861851443567222759e+02
-2.410127528717129763e+00 8.909127190089652260e+00
-2.194709558080969458e+00 8.144145952345017037e+00
-2.433510248738422810e+00 7.377321975226031725e+00
-2.363528001072828566e+00 7.723359707955907538e+00
-2.247813727149337915e+00 7.631974412732049018e+00
-2.547819078335924914e+00 6.994840771336974683e+00
-2.215348803884092277e+00 7.386892768866005099e+00
-2.220371783787122411e+00 5.981415947472640937e+00
-2.277274836386923518e+00 5.353940725771948905e+00
-2.482841998777876924e+00 5.204102557533445861e+00
-2.444581192193155950e+00 4.907514467972021066e+00
-2.379277209575737295e+00 5.725890027337378285e+00
-2.314192110284021275e+00 4.873827761896933453e+00
-2.274085196060245728e+00 4.778045570720230728e+00
-2.149736954709198677e+00 4.534355101520752385e+00
-2.423110387082577866e+00 4.637219861790654818e+00
-2.315567832704054752e+00 3.421362265908484801e+00
-2.469647610913756175e+00 4.111117930674254239e+00
-2.520335558614856808e+00 3.459605257936971157e+00
-2.142036055841403552e+00 3.572725834764291619e+00
-2.711312030675283147e+00 2.785262589609246220e+00
-2.551932871793709978e+00 3.417221785594122707e+00
-2.521158177420085522e+00 2.920490715349195909e+00
-2.592531710348232821e+00 2.812724522465948951e+00
-2.527934535022152929e+00 2.967534335030350690e+00
-2.526761114542553699e+00 3.010841047639011947e+00
-2.216510163764400687e+00 2.746318891145584473e+00
-2.802367559335522174e+00 2.337282169169981216e+00
-2.510125914770877209e+00 2.499222122132287893e+00
-2.530685245719784149e+00 2.533822253218488640e+00
-2.724800796543168424e+00 2.263379722297074181e+00
-2.288770890686485870e+00 2.415953057100857393e+00
-2.776554631027504882e+00 2.420894163014544631e+00
-2.706852911788891092e+00 2.619215102109187399e+00
-2.545271386783645617e+00 1.975038156890860819e+00
-2.738185723169546115e+00 1.922709367970433902e+00
-2.684838861232778484e+00 1.734320690083805516e+00
-2.999573806594292513e+00 2.157452099791754563e+00
-3.237227998228885184e+00 1.923779890567217876e+00
-2.896128658505733533e+00 1.783448606460822816e+00
-5.088517037759832107e-01 9.454089100386511291e+00
-9.859405126666430874e+00 2.003772105859834483e+02
-9.950568099169975866e+00 1.848250540107209758e+02
-5.112497463777341267e-01 1.075461976961804567e+00
-1.109802500816959636e+00 2.748192635303070119e+00
-1.967839807508397598e+00 2.108347870952513858e-01
-1.213390544170184882e+00 3.455119045806213762e+00
-4.825432311860602397e-01 4.885679940127545251e-01
-4.823422868323081758e-01 3.871955012807006824e-01
-4.823293686001850489e-01 2.778343530269182793e-01
-1.956179240368241423e+00 1.970699131397566362e-01
-1.955085220678657976e+00 1.677931121650431123e-01
-1.536389861127691070e+01 1.363245505095507326e+02
-4.731047997729014298e-01 1.759670609143313413e-01
-1.957978026087435097e+00 1.562732484523223775e-01
-5.023494620065953598e-01 2.108013985232730647e-01
-5.019960020765648068e-01 1.610916991543547283e-01
-4.952927604345589430e-01 1.313223010876356511e-01
-4.896131279269955172e-01 1.094721412562478235e-01
-4.931729171328242955e-01 1.123607021188490762e-01
-1.537236422469157304e+01 1.500132476766867455e+02
-4.952172194444059983e-01 8.046119349072000659e-02
-5.014025739819398808e-01 7.829696980641642767e-02
-1.974978450714997891e+00 1.118736081956797079e-01
-4.901281585396315421e-01 6.281082841661600469e-02
-1.974619076043762078e+00 1.102898608541238445e-01
-1.974874206867815118e+00 9.489819058953230524e-02
-4.895971207631166777e-01 6.046528387796001880e-02
-1.961635063664997958e+00 1.021860005318728781e-01
-4.925850729391036964e-01 6.684376719101692288e-02
-4.916555600775751600e-01 4.515338330321583271e-02
-4.902999108537873241e-01 4.892275632050768763e-02
-1.964535046003804908e+00 1.155285167443764749e-01
-4.885089997399649775e-01 4.422563479045038548e-02
-4.879243786126856719e-01 4.282934911233837738e-02
-4.895612810215439481e-01 4.376404397086730569e-02
-4.887028144632559190e-01 4.440475773148477856e-02
-4.871983351603219603e-01 3.547568651802635031e-02
-4.869934610523927176e-01 3.606201666536890116e-02
