-4.011137442576110601e+00 4.025207398814686144e+01
-4.256681384470844876e+00 1.009370637116347780e+00
-2.639439331360128094e+00 8.688371601258850774e+00
-4.060642753695213258e+01 1.532306818142895679e+02
-3.474277941970153272e+00 1.190012846179101302e+00
-5.954975825234442688e+00 2.519538455033851676e+01
-5.954975825234442688e+00 3.661668618901926209e+01
-2.454491081109708261e+00 4.207615633301031721e-01
-2.706022705339627521e+00 3.565230906375091990e-01
-2.510524520554520578e+00 2.413506885699803206e-01
-2.424318992607253698e+00 1.095552801099032081e+00
-2.487928191039165959e+00 9.882343163781115436e-02
-2.757739581283048302e+00 1.335101945454368888e-01
-2.425777603857268261e+00 1.476020539850111390e-01
-2.370163917028031975e+00 1.278658949029960468e-01
-2.454357886077400686e+00 1.520107429908108543e-01
-2.648789384092949284e+00 2.293839980792995448e-01
-2.447627004846440357e+00 1.357298838787386330e-01
-2.317114084396494356e+00 1.129289106369810725e-01
-2.085149271603855325e+00 1.448836018391972402e-01
-2.177582335246467160e+00 1.123606103746084273e-01
-2.031188000421447093e+00 1.845244324471053687e-01
-2.039880987207432383e+00 1.335530510691143036e-01
-1.060281534366295375e+01 1.837037655411407400e+00
-2.146177041806716979e+00 9.481554079926013401e-02
-2.060674930752041334e+00 1.072609410938696328e-01
-2.049007309284697875e+00 8.417135325419167202e-02
-2.023793203108971817e+00 9.648361040754593887e-02
-2.073604893270846183e+00 8.868858270578527936e-02
-1.990412023837507149e+00 1.036214899924630117e-01
-1.971112743095350339e+00 8.170324869688272429e-02
-2.033458400951655420e+00 6.777416362916710568e-02
-2.196120529230666918e+00 5.716602365465917046e-02
-2.004682511172261705e+00 5.753696670440433536e-02
-2.053631947701015648e+00 7.732289619143273285e-02
-1.992011704597585364e+00 6.409362449244326854e-02
-2.005706096383359061e+00 6.469758817992499189e-02
-1.011103714252310759e+01 6.261039248590094530e-01
-2.000187974425283954e+00 6.019863956116466852e-02
-1.997069182568395718e+00 4.977527007949333893e-02
-2.036076051464011272e+00 5.024096140707001723e-02
-1.969849535356880565e+00 3.985001575377111749e-02
-1.977641347426509100e+00 5.570362060242928237e-02
-1.983050535807610260e+00 5.600116419633138776e-02
-1.971929267053775803e+00 4.678489314402156651e-02
-1.980547298874714812e+00 4.763921242293633895e-02
-1.960182171218450620e+00 4.372563295518716586e-02
-1.962199066290716942e+00 3.151797944974532584e-02
-9.959628024414712399e+00 6.644864886841048701e-01
-1.975797442420940797e+00 3.851963257335455637e-02
-1.976010308999855525e+00 3.852036579677076134e-02
-9.873434455267689813e+00 5.703329055503729705e-01
-1.950390904466750897e+00 3.742142973172235543e-02
-9.811926362843676586e+00 5.709017991924412172e-01
-1.948820228767644380e+00 3.427528261269685572e-02
-1.947096623223911749e+00 3.894755551834805374e-02
-1.947132203198027156e+00 4.111879910919924441e-02
-1.947514005897948763e+00 3.357382353246407547e-02
-1.953849454643220795e+00 3.815829771295398132e-02
-1.947072096778381223e+00 3.514605884288357629e-02
-1.949228055525821901e+00 3.366072722276669538e-02
-1.952108561718906898e+00 2.593947392360007598e-02
-5.940257409751354523e+00 1.368452379570612720e+00
-1.947965042452693751e+00 3.143830839270833621e-02
-1.946792296431992142e+00 3.005904624322397467e-02
-2.424552358282717535e+00 3.534458719099356472e+01
-5.603982003354044394e-01 8.676275383001268438e-01
-1.944972185202090031e+00 3.529766163087799669e-02
-7.269625663789955894e-01 3.789718386125429106e-01
-7.204458102910251682e-01 3.346464978842789151e-01
-1.080299245196783886e+00 2.790545841388905046e-01
-1.269064670336625511e+00 2.997298351257455806e-01
-1.381722752891940686e+00 4.039979948988872138e-01
-6.249730070051775499e-01 1.786725674260338792e-01
-7.977994980488514187e-01 9.957967450029059364e-02
-6.532700664534125679e-01 1.141329110629243360e-01
-8.548150327705581475e-01 9.170433776982633844e-02
-8.068489923351727100e-01 8.504970449220650153e-02
-7.458472144234296053e-01 9.168128427802457736e-02
-8.286987795025702042e-01 7.479271369831508309e-02
-7.062754115560512247e-01 8.747513111487137394e-02
-7.260102211622854185e-01 7.742735924455246277e-02
-7.808757481748695994e-01 5.581346370541950819e-02
-6.376135210745381698e-01 8.307251595262243882e-02
-6.662664963274238517e-01 7.008691162052116397e-02
-6.421301120238389615e-01 5.137106518949963174e-02
-6.165355538384016398e-01 7.785171985248950932e-02
-5.842145965892147075e-01 4.735477201121796043e-02
-5.815747266279096550e-01 5.962891714931117804e-02
-7.134618462296948849e-01 4.564227941770582220e-02
-5.062678877515391918e-01 7.595831075668968424e-02
-4.574394294886445778e-01 1.241886666992257915e-01
-4.403662733967479426e-01 2.155048853151413368e-01
-4.370356152692949081e-01 1.237385604130736283e-01
-4.382513778685854788e-01 1.258126215185484398e-01
-4.150799772933329024e-01 1.001271670303935934e-01
-4.350883488786418951e-01 1.354624786971072581e-01
-4.594346175561625500e-01 1.717091421509593374e-01
-4.638418740563317044e-01 1.314976784203025773e-01
-4.554577122624685614e-01 1.125232319089803923e-01
