-2.747543762452181113e+02 1.623414714065920066e+02
-1.750829951577816601e+01 3.215898016852589194e+02
-5.954975825234442688e+00 5.054280664381384724e+01
-2.649440998799646785e+00 4.511617491791666623e+01
-3.450654164320928530e+00 5.925588055739666515e+00
-3.905806839421829935e+00 5.381832106603297916e+00
-2.511690621075795882e+00 1.959500573609602725e-01
-2.938810890986265356e+00 7.063736956517345789e-01
-2.455965291901671677e+00 4.134642165508637390e-01
-2.316300308184225720e+00 3.411619828929985943e-01
-2.958971283417140441e+00 3.096206161746124508e-01
-2.251068133026121743e+00 9.195698120575457324e-02
-2.331789743443912322e+00 1.983022340563138641e-01
-2.621331399219689828e+00 9.912585615725788557e-02
-2.388285668058994560e+00 2.064720605166598943e-01
-2.129133308536262703e+00 7.434591138306245739e-02
-2.285309682050954194e+00 5.526570906420147367e-02
-2.382995759244978196e+00 4.735782111978892317e-02
-2.092603934331000559e+00 8.341809843398095836e-02
-2.067320417456790516e+00 9.039272837412681838e-02
-2.112365723584884059e+00 3.973343387812633409e-02
-2.133897979867814598e+00 4.116730295001502782e-02
-2.167150096486029298e+00 4.653073730466417146e-02
-2.123212303478391405e+00 4.214441432606008675e-02
-2.142348422680128373e+00 3.644596310397218986e-02
-2.137237764254857453e+00 3.617969609490501171e-02
-2.124531844054938112e+00 4.452194954950527972e-02
-2.158619440440632253e+00 4.933689128392870771e-02
-2.134648507856061528e+00 4.165915701338462895e-02
-2.125892754028287257e+00 3.042190392835664170e-02
-2.118704241395045429e+00 3.538757055753194436e-02
-2.173179757262357903e+00 2.546766611558837212e-02
-2.123157233859040538e+00 3.194674957097731749e-02
-2.180077684784080816e+00 3.419491190243206802e-02
-2.180532609918158116e+00 2.358982487854177634e-02
-2.144305516760043773e+00 3.117986524810589799e-02
-2.138852619651745002e+00 2.728211489485943275e-02
-2.206595859222962197e+00 2.217779408044862066e-02
-2.181477067178530405e+00 2.733559872632440602e-02
-2.184478529054938889e+00 2.562725005520860577e-02
-2.222540359076059069e+00 1.792585372936628119e-02
-2.210615274697182997e+00 2.301503267460702773e-02
-2.279399878066948659e+00 3.178157190222918871e-02
-2.185085266929754688e+00 3.244642230811223271e-02
-2.180985582777363874e+00 2.283423290225528035e-02
-2.190123827826047531e+00 1.916889650453867944e-02
-2.154804491649422005e+00 2.787002071235633593e-02
-2.160185553445589157e+00 2.155309064158927868e-02
-2.203289647399424567e+00 1.740755231358548372e-02
-2.217942861410732824e+00 1.798934832544318851e-02
-2.144359639314592947e+00 2.121616945987625513e-02
-2.183455292019330862e+00 2.430708842155127059e-02
-2.143252941831611302e+00 2.690410049518732194e-02
-2.177429015116270072e+00 2.857231967138318396e-02
-2.287974613733990026e+00 2.718774415288294222e-02
-2.188280000350200538e+00 2.409806220614996164e-02
-2.231279508891000241e+00 2.142966123926726141e-02
-2.146328621311953455e+00 2.623415037788845439e-02
-2.178065321190982395e+00 2.179064283046727724e-02
-2.184561516228181510e+00 1.869613024638283605e-02
-2.191670181747351620e+00 2.668197608824129929e-02
-2.148516470256195632e+00 1.700527995080847177e-02
-2.149014576290380951e+00 2.435508498294325364e-02
-2.167828543244495698e+00 2.152279135981416403e-02
-2.378737374978466157e+00 2.354828593382762847e-02
-2.280752658982320824e+00 2.412165212541594883e-02
-2.182153297884104504e+00 1.589371190436850156e-02
-2.154631545669051462e+00 1.989774933792887168e-02
-2.306062340328498550e+00 1.997925579260595441e-02
-2.255868982008612633e+00 1.986449714482318996e-02
-2.160143515101471401e+00 1.614675205019011628e-02
-2.231978881048973129e+00 1.723776994543868568e-02
-2.217000332262559326e+00 1.503551088563881422e-02
-2.204233575471159945e+00 2.306982652285682889e-02
-2.150156285442622384e+00 1.872281841582434936e-02
-2.220768265935418206e+00 1.415588815569890357e-02
-2.199112766308068068e+00 1.585263261213754049e-02
-2.138246982032113053e+00 1.421641231314652032e-02
-2.143263686126817724e+00 1.611040340844738239e-02
-2.133303096547221500e+00 1.603292787717691681e-02
-2.139796578776094194e+00 1.578050149748833064e-02
-2.245261639363129724e+00 1.105512865979108028e-02
-2.171727427436975333e+00 1.328269174194929292e-02
-2.210235952674979742e+00 1.357887389542611345e-02
-2.238262515624057869e+00 1.111087684441258716e-02
-2.166372500348030528e+00 1.616129444300895557e-02
-2.166299538529958824e+00 1.749784118615593798e-02
-2.148927186661506283e+00 1.301429830033384860e-02
-2.206282272616800988e+00 1.529089125745031197e-02
-2.223792363294657015e+00 1.371335168101950330e-02
-2.149383378836326131e+00 1.499356977231514065e-02
-2.145139105148886394e+00 1.518960273781999604e-02
-2.174685720872434835e+00 1.177265295621054975e-02
-2.184897932394656905e+00 1.287855417729133478e-02
-2.225345215579808134e+00 1.097869543264096137e-02
-2.189589524961869316e+00 1.245206883876903703e-02
-2.261203235675796286e+00 1.093390892381762569e-02
-2.235241845994034193e+00 1.170909626756611033e-02
-2.159883095473781545e+00 1.497529086279314470e-02
-2.200234488262076127e+00 1.210975552959325796e-02
