-1.458721908793955606e+02 1.810175428358691363e+01
-1.750829951577816601e+01 1.128540017761917369e+01
-1.750829951577815180e+01 8.497642976332198117e+00
-1.750829951577816601e+01 8.220969511072617308e+00
-1.750829951577816601e+01 6.502624634692878658e+00
-1.750829951577816601e+01 6.157040099566390978e+00
-1.750829951577816601e+01 4.169516856125980553e+00
-1.750829951577816601e+01 4.391409956584368501e+00
-1.750829951577815180e+01 3.628042649598002711e+00
-1.750829951577819088e+01 2.644772280287416066e+00
-1.750829951577816601e+01 2.929886942666765748e+00
-1.750829951577816601e+01 2.591155841794019921e+00
-1.750829951577816601e+01 2.628815024008677170e+00
-1.750829951577816601e+01 2.701171402695162982e+00
-1.750829951577816601e+01 2.086587166637233537e+00
-1.750829951577816601e+01 2.146782083924605899e+00
-1.750829951577816601e+01 2.099419281986850905e+00
-1.750829951577816601e+01 1.888619634174311557e+00
-1.750829951577816601e+01 1.545134508147974373e+00
-1.750829951577816601e+01 1.472315553130954413e+00
-1.750829951577816601e+01 1.308212765513999898e+00
-1.750829951577816601e+01 1.334051105327080933e+00
-1.750829951577816601e+01 1.383292867325714326e+00
-1.750829951577816601e+01 1.063920709420418831e+00
-1.750829951577816601e+01 1.021397673116780425e+00
-1.750829951577816601e+01 7.620225303191752175e-01
-1.750829951577816601e+01 9.510561439860651944e-01
-1.750829951577816601e+01 1.006886103203381566e+00
-1.750829951577816601e+01 9.380204298118890449e-01
-1.750829951577816601e+01 8.229191856173940778e-01
-1.750829951577816601e+01 7.687032358493652850e-01
-1.750829951577816601e+01 8.252700419936012111e-01
-1.750829951577816601e+01 6.978307792005402632e-01
-1.750829951577816601e+01 5.719514852829554741e-01
-1.750829951577816601e+01 6.846511113679412119e-01
-1.750829951577816601e+01 6.875660139091728240e-01
-1.750829951577816601e+01 6.126850844862161694e-01
-1.750829951577816601e+01 5.219155517890854412e-01
-1.750829951577815180e+01 4.720633325830654314e-01
-1.055564788758160546e+02 6.479094707638503792e+01
-5.954975825234442688e+00 1.413950846023570307e+02
-1.458721908793955606e+02 1.555922167114892716e+02
-2.997527262875170351e+00 1.338175192955486921e+02
-3.620010138722557613e+00 1.130682316072523008e+00
-5.954975825234442688e+00 1.176526601596350474e+00
-3.231599119938338482e+00 7.026907480672832662e-01
-1.978429147280966305e+00 2.477351277877147595e+00
-1.956899728398672877e+00 2.993059356096225088e+00
-1.957131543467745871e+00 7.537430485948419800e-01
-1.969829030998502262e+00 6.222376441256898261e-01
-2.001238752463487813e+00 3.109035741852608226e-01
-1.947667606736072088e+00 2.020433295112127325e-01
-1.750829951577816601e+01 2.665830337400620920e-02
-1.969904483259439232e+00 1.663330715013842109e-01
-1.965832330526168903e+00 1.400222754485014320e-01
-1.961816029667714290e+00 1.554216167673985183e-01
-1.972424413068738502e+00 1.232396082869371412e-01
-1.973310834449735651e+00 9.360599704204730642e-02
-1.957086311625461761e+00 7.461993746511552672e-02
-1.991103863639692051e+00 8.245555592047537630e-02
-1.966648889549096779e+00 7.150138668670535935e-02
-1.953531525370260979e+00 6.739778009428221139e-02
-1.968245621648559762e+00 8.221502551127457536e-02
-1.947210838957808221e+00 7.988381215044171313e-02
-1.968377950185743686e+00 8.144063687832669984e-02
-1.955068276470315780e+00 4.907999886550840074e-02
-1.982646896131381453e+00 6.385066641141179389e-02
-1.971495724310836195e+00 6.642903085146656394e-02
-1.983886978551559821e+00 5.309235711094117960e-02
-1.960697679381496528e+00 3.321010087455533721e-02
-1.968497170913403593e+00 3.780262728645311654e-02
-1.951154941166420187e+00 4.829755101862076572e-02
-1.517803769468095254e+00 1.378991754050033478e+02
-1.991416531776852850e+00 4.573538568129720261e-02
-1.952652018459296812e+00 4.229751437935647118e-02
-2.920938115650687728e+00 2.958700908887934133e+00
-2.760359406360064938e+00 2.105001000049981030e+00
-1.965301285577409018e+00 3.434884046828301507e-02
-1.958376582707337832e+00 3.776216338231108693e-02
-1.954126384735245026e+00 3.771332486471123957e-02
-1.973505792955247529e+00 3.416308431755510355e-02
-1.964209657832187261e+00 2.985518418078925151e-02
-2.715596882021577230e+00 2.475499208817893759e+00
-3.202685478102557326e+00 1.059176256066663768e+00
-1.972634683312143977e+00 3.893177865739971821e-02
-1.955776095623182442e+00 2.564205154470755588e-02
-1.971545440794798765e+00 3.190643776848389734e-02
-2.238644213778773207e+00 3.110176239816411226e-01
-1.960469403627502771e+00 2.557607907239400902e-02
-2.049499338469617626e+00 2.539501566882904626e-01
-1.964868095058516673e+00 3.219201532880333616e-02
-2.031965587375280435e+00 2.757345107511213200e-01
-1.964282088647964386e+00 2.969582700920625484e-02
-1.977831707203199230e+00 3.151446133576030206e-02
-2.026495700556976587e+00 3.060267499395479263e-01
-2.025955207094849442e+00 2.921769323659475504e-01
-1.980502002582159804e+00 2.410884297245274865e-02
-1.957080728650137047e+00 2.880554671463642080e-02
-1.950229544392010794e+00 2.239242605458002799e-02
-1.982192979484455719e+00 2.671907721460797802e-02
