-1.313437058095987595e+02 7.679325419415002330e+01
-7.452745057102518444e+00 1.302121753852565007e+02
-1.644374426052949545e+01 9.855597286231882492e+01
-5.954975825234442688e+00 8.286613465098416498e+01
-5.954975825234442688e+00 6.194161431453543543e+01
-5.954975825234442688e+00 4.639185494664560139e+01
-5.954975825234442688e+00 3.401291942813484326e+01
-1.162337988030790115e+01 1.012107119913169129e+02
-1.904697917873071233e+01 1.317517261830562063e+02
-5.954975825234442688e+00 1.230168903819669879e+01
-8.856005408691258296e+00 1.940311557647207792e+02
-5.954975825234442688e+00 9.360046315068004219e+00
-9.494454224323700231e+00 2.537993997884274791e+02
-1.317161719017291688e+01 1.762508267352365579e+02
-4.227461744543868249e+00 1.605485299419529497e+02
-6.546300694689064059e+00 6.743024611585525463e+00
-6.860313356864669032e-01 2.226178363479760947e+00
-1.129068911707847178e+00 3.205676129711804379e+00
-8.946056509383168986e-01 1.387343756173891052e+00
-2.205563610888834347e+01 1.453399652165648490e+02
-6.716587856474340867e-01 4.512786885053685637e-01
-7.149040407834768018e-01 6.678456260422649393e-01
-6.672841706426932973e-01 1.698098625994077793e-01
-7.481015049983703591e-01 2.469759731530700719e-01
-7.296714364153924492e-01 2.153766269709933567e-01
-7.902374467063744135e-01 2.528350332042350601e-01
-8.001723812262451219e-01 2.611389986384722306e-01
-7.934553299136055671e-01 9.944057970946573732e-02
-2.847192445602823696e+00 8.411122677821538218e+00
-8.050455558327236361e-01 1.131831573543138347e-01
-8.077069342016010012e-01 8.995176088814105242e-02
-8.163453344612694451e-01 8.506954029070357137e-02
-8.145467164803310567e-01 1.754740637297800276e-01
-8.121323227127437150e-01 9.939940114540490868e-02
-3.434460668688473106e+00 1.195428659790678694e+00
-8.092894980308020791e-01 1.253765140083089591e-01
-8.282752753450459693e-01 7.461685353021607625e-02
-8.173781574699958696e-01 6.628384120620012254e-02
-7.754396382584296532e-01 6.403373093797881666e-02
-7.998567503523421607e-01 8.764508448655305983e-02
-8.082229508310110333e-01 5.377118492785371018e-02
-8.318098979229269219e-01 4.311780487179817101e-02
-8.046593788001263903e-01 4.829594288017347026e-02
-3.570720560414086364e+00 1.015356092926822384e+00
-7.996251037246473459e-01 4.674971773201264114e-02
-8.071291478539279751e-01 4.879333420265652421e-02
-8.163831021733098936e-01 4.273544017590324984e-02
-8.177326656512171610e-01 5.025983075196904792e-02
-1.991106706785288338e+00 1.214084616055251331e+01
-8.194614914119267013e-01 4.784042604475757798e-02
-8.212189381295722512e-01 4.580341081302208295e-02
-7.963696448742538792e-01 3.862296891767869056e-02
-8.135132926134591713e-01 3.214650664648388556e-02
-8.190620180012349039e-01 5.915439755116835840e-02
-8.188975835534311187e-01 3.953172530495407955e-02
-8.179706583517276641e-01 4.703201117874300508e-02
-8.186214253591455048e-01 4.861732486355663241e-02
-1.632159445538432507e+00 3.597627234285880604e-01
-1.695802095059493197e+00 3.698594694931784943e-01
-8.132495183773791325e-01 4.559270413591320903e-02
-8.010112129880777587e-01 4.427507501142713409e-02
-8.151839738343369390e-01 5.089242037951180464e-02
-1.504858672720022383e+00 4.991335298314822921e-01
-1.291053082490188686e+00 5.637861769661185463e-01
-7.881623246604192445e-01 3.008123029840703566e-02
-1.467920513373826452e+00 3.732263122612664574e-01
-8.041039766963482549e-01 2.711682087195299573e-02
-8.167493855811933656e-01 3.420520322316633610e-02
-1.453309395887306010e+00 4.128249994903683273e-01
-1.624198171436262328e+00 3.139289811131504848e-01
-8.086284370964946788e-01 2.817306238512173877e-02
-7.770810561602132793e-01 3.599783578007986762e-02
-8.188433466518354464e-01 2.745077815555418965e-02
-8.002391314011081391e-01 3.141766630895403978e-02
-8.143691906020826821e-01 2.859860307745520913e-02
-7.961382023807495045e-01 2.325739405421245465e-02
-8.141527546793483339e-01 2.391742014501119229e-02
-1.483538547737488500e+00 3.255329880319663971e-01
-2.159366637879733375e+00 4.375202482954705374e-01
-8.345084129665956141e-01 2.543939237321524161e-02
-8.062690531400242833e-01 2.601425860993344941e-02
-1.482420617607107971e+00 2.900216039454051042e-01
-8.159769394840701295e-01 2.083535134124758770e-02
-8.218736095686569598e-01 2.137197229873777360e-02
-8.275099514962782621e-01 2.685958632784490874e-02
-8.200759766610534740e-01 2.146154082998918966e-02
-8.178492661555907262e-01 1.860706610946749606e-02
-7.912557330492564489e-01 1.965963606127729690e-02
-1.408507879006803520e+00 3.117057025415874705e-01
-8.092838261711268188e-01 1.807607191668125779e-02
-8.154513581701703373e-01 1.660983947604677269e-02
-8.083664558213374818e-01 1.768679698159303371e-02
-8.379252988493597343e-01 2.003788097994174677e-02
-8.123302760120019173e-01 1.460249382097345006e-02
-7.907153292563329217e-01 1.597873686571915641e-02
-7.905593568677851124e-01 1.509641812609174849e-02
-7.813328207491956334e-01 1.878502624268207910e-02
-7.552287912284967319e-01 2.472042279924835384e-02
-7.931064468441952897e-01 1.638554226346400355e-02
-1.247318379620182327e+00 2.204274327251880550e-01
