-5.954975825234442688e+00 9.434423166972639052e+00
-2.747543762452181113e+02 4.065782905481987086e+01
-5.253142141677141552e+00 7.599842712278844203e+01
-1.270805200505522592e+00 3.213746045627203785e+01
-9.033638646922561577e-01 8.012360133512547122e+01
-5.954975825234442688e+00 2.751976217338064146e+01
-5.954975825234442688e+00 2.891939045588880575e+01
-5.954975825234442688e+00 2.027710998191876257e+01
-5.954975825234442688e+00 2.107117220809076485e+01
-5.954975825234442688e+00 2.090770407483073967e+01
-5.954975825234442688e+00 1.961802181016992463e+01
-5.954975825234458675e+00 1.616296271862297473e+01
-5.954975825234442688e+00 1.970949495716655520e+01
-5.954975825234442688e+00 1.377433525245719004e+01
-5.954975825234442688e+00 1.374754640078636037e+01
-5.954975825234442688e+00 1.410537529719891126e+01
-5.954975825234442688e+00 1.430751731426599349e+01
-5.954975825234442688e+00 1.435597262181461176e+01
-5.954975825234442688e+00 1.204211003242650335e+01
-5.954975825234442688e+00 1.279068099607869868e+01
-5.954975825234442688e+00 1.140640388812988704e+01
-5.954975825234442688e+00 1.117554431580827412e+01
-5.954975825234442688e+00 1.078506102121202659e+01
-5.954975825234442688e+00 1.019431150116276541e+01
-5.954975825234442688e+00 9.317539652158380648e+00
-5.954975825234442688e+00 9.600590713311699886e+00
-5.954975825234442688e+00 9.656089215774120049e+00
-5.954975825234442688e+00 8.253399458724885562e+00
-5.954975825234442688e+00 7.447338261773230883e+00
-5.954975825234442688e+00 8.473941941155082702e+00
-5.954975825234442688e+00 8.081811918119811367e+00
-5.954975825234442688e+00 7.427644087017849728e+00
-5.954975825234442688e+00 7.411020274145382558e+00
-5.954975825234442688e+00 3.850820118594455721e+00
-5.954975825234442688e+00 3.526631612219336631e+00
-1.462210675398592841e+00 1.059243760307975712e+01
-5.954975825234442688e+00 3.327508007099098108e+00
-5.954975825234442688e+00 3.363498719368017476e+00
-5.954975825234442688e+00 3.102777385065749627e+00
-3.403671029833881256e+00 1.675634458543015626e+01
-2.298919216331237081e+00 2.342352672315732320e+02
-5.115813083045690490e-01 8.060230307371512026e-01
-2.274075298852684668e+00 4.756973963293441443e+01
-5.821016486280328195e-01 8.579733971834286876e-01
-5.571758833863373894e-01 8.188082130925238289e-01
-4.327974372719545215e-01 8.326774260493721158e-01
-5.233269041834862634e-01 3.013159393314026602e-01
-5.576108018749508233e-01 2.812525496409534753e-01
-1.943366059881029173e+00 9.522539887003631520e-01
-4.755264176558657852e-01 2.713637452588386623e-01
-7.278449000234097355e-01 1.348916813828793693e+00
-4.181677334666424883e-01 1.908113455166073891e-01
-1.943170041182700203e+00 4.562277728659864806e-01
-4.221520683979687050e-01 1.720212825071598672e-01
-4.211653802414918601e-01 1.453999035272204310e-01
-4.738188511525578406e-01 2.474101052034143322e-01
-4.015037083859969158e-01 1.265455190249440420e-01
-4.162697208809902349e-01 9.602397403128293263e-02
-4.752131359432247848e-01 1.925845826528131965e-01
-5.714388725778860589e-01 1.487999043068839455e-01
-5.973350272989090826e-01 1.276508902084856345e-01
-1.943307047574535318e+00 5.106448099867577639e-01
-4.703109109480347882e-01 8.469556539799327766e-02
-1.944897609035800556e+00 3.926223504139727538e-01
-5.040569211921130943e-01 8.257521035773152107e-02
-5.395265200251611049e-01 8.250663802920144008e-02
-5.128565176868846720e-01 7.222621250070915266e-02
-5.448123501589758888e-01 7.876575816391095941e-02
-5.615998306271094975e-01 6.310999598019861878e-02
-4.720142155126580974e-01 5.522041063721871978e-02
-6.035828873674446982e-01 6.101753796892239734e-02
-6.062785641198491504e-01 6.311190413413214628e-02
-4.378181325165826365e-01 3.501491255133259983e-02
-4.667995855936197813e-01 4.305952699357362690e-02
-4.604097085127456523e-01 4.534095610335953097e-02
-1.945219336916650832e+00 3.108342269826209758e-01
-5.018193882899755209e-01 4.301573690440818609e-02
-4.768156765152422594e-01 3.626152800362092421e-02
-4.705278754409913944e-01 3.424855927315206827e-02
-5.111589769051576582e-01 3.397448004920988751e-02
-4.693267474512108350e-01 3.326231747971064578e-02
-4.937401758824773168e-01 3.219558287577228839e-02
-4.627297907306680003e-01 3.115774167025620045e-02
-4.784386367773389992e-01 3.287013519656056815e-02
-1.943628242589365840e+00 2.340466599121953095e-01
-4.435130636443318508e-01 2.902754373570815005e-02
-4.886627061476254141e-01 2.795332574240205759e-02
-4.675496114075148313e-01 2.808775758330739336e-02
-4.950315955848179073e-01 2.667369543362951845e-02
-4.761414554079781425e-01 2.631342684566106982e-02
-5.103337832806573715e-01 2.378121145298450756e-02
-5.031532378316629917e-01 2.596240732478349855e-02
-1.946067213457070011e+00 1.698763384174526436e-01
-4.995859703320650880e-01 2.814718006470684486e-02
-5.103047834672178595e-01 2.562312013819223466e-02
-4.700577470653168888e-01 2.534951525933593075e-02
-4.991517182126834484e-01 1.966072691641329584e-02
-5.037973715776260519e-01 2.055341747558259158e-02
-4.957621174869526470e-01 2.033321032232038306e-02
-1.943725962951525332e+00 1.323990694501446796e-01
