-1.458721908793955606e+02 3.949466352165916305e+01
-5.954975825234442688e+00 3.775476533486367714e+01
-5.954975825234442688e+00 3.312162786558274519e+01
-1.750829951577816601e+01 1.843703613663975034e+02
-1.959780815094060813e+01 9.896111979669416314e+01
-5.954975825234442688e+00 4.339427906641678589e+01
-5.954975825234442688e+00 3.382604771110550246e+01
-5.954975825234442688e+00 2.719486136456802683e+01
-1.239292554628033649e+01 6.867328187578003451e+01
-4.704836616003569816e+01 1.699060896650025825e+02
-5.954975825234442688e+00 1.852771723789990688e+01
-5.954975825234442688e+00 1.961771106637968387e+01
-5.954975825234442688e+00 1.513751674345023446e+01
-5.954975825234442688e+00 1.504554908235857624e+01
-5.954975825234442688e+00 1.242505674893540402e+01
-5.954975825234442688e+00 1.266580898508468067e+01
-5.954975825234442688e+00 9.946994304991889635e+00
-5.954975825234442688e+00 8.611352848488408540e+00
-5.954975825234442688e+00 7.784853035787051567e+00
-5.954975825234442688e+00 7.186344293704578945e+00
-5.954975825234442688e+00 8.038103396865437844e+00
-5.954975825234442688e+00 7.393625780006203740e+00
-5.954975825234442688e+00 5.970881597499598570e+00
-5.954975825234442688e+00 5.867387046559471742e+00
-5.954975825234442688e+00 4.795821043879982426e+00
-5.954975825234442688e+00 2.214642811321738236e+00
-5.954975825234449793e+00 3.252212938713242352e+00
-5.954975825234442688e+00 2.659960167247831464e+00
-5.954975825234442688e+00 2.766484748957239503e+00
-5.954975825234442688e+00 2.439216258899833178e+00
-5.954975825234442688e+00 2.910663725700302962e+00
-5.954975825234442688e+00 2.414053773910794121e+00
-5.954975825234442688e+00 2.789014140851904244e+00
-5.954975825234442688e+00 1.922916620808635457e+00
-5.954975825234442688e+00 2.157330046905727272e+00
-5.954975825234442688e+00 2.166546737022727598e+00
-5.954975825234442688e+00 2.083767353298043190e+00
-5.954975825234442688e+00 2.012450197362582571e+00
-5.954975825234442688e+00 2.022946223487693373e+00
-2.516540926210044660e+00 2.037039685608184243e+02
-2.033498509759470885e+00 1.368500789825130539e+02
-5.954975825234442688e+00 1.608417619024194778e+00
-5.954975825234442688e+00 1.535517749380630903e+00
-2.101265407481435332e+01 2.958224068954375525e+02
-2.642658847966472635e+01 3.009912763632531210e+02
-2.800311674814282448e+00 3.321025975719575740e+02
-2.830673041322816275e+01 3.552864998038610338e+02
-5.197369692513671424e+00 3.575427633211367038e+02
-1.947817448754920022e+00 3.398879364435066464e+01
-1.972325703434169242e+00 1.855407685426854414e+00
-2.017841998596787256e+00 6.877113714140818956e-01
-2.030576571239226524e+00 5.792189299643268896e-01
-5.774936967557366962e+00 1.405882689743862102e+00
-2.051578296474626306e+00 2.662566196363798099e-01
-2.031022105937189792e+00 3.246202027386289046e-01
-2.062737783071718844e+00 2.602101749386349638e-01
-2.081318295086335368e+00 3.131070720465345403e-01
-1.974234152457803759e+00 4.555932689289647897e-01
-3.331972208050779471e+01 1.568469666766392265e+02
-2.072025149612357175e+00 1.447219935450902994e-01
-2.056487761647574963e+00 1.508764468993035734e-01
-2.054254596592908655e+00 1.244119845295870164e-01
-2.093318242820073394e+00 1.535451420998867889e-01
-2.074502126390234125e+00 8.417632391453366836e-02
-4.393519021942965175e+00 3.555887825976014938e+00
-2.111170267113677390e+00 9.612097024213994700e-02
-2.102678150282281777e+00 1.196679357337018246e-01
-3.862699993992313452e+00 4.444285916103723366e+00
-3.587240904146323572e+00 5.630694529681221638e+00
-2.051272553964928136e+00 8.984550848842332016e-02
-3.665392496625321961e+00 6.517937349139600656e+00
-2.043208089509984227e+00 8.220267982608220336e-02
-2.068532064614786670e+00 6.189056703132678194e-02
-2.029391533636045963e+00 7.453910655544859765e-02
-2.061711269551420145e+00 5.672610208759465422e-02
-2.010084989668519562e+00 9.933083004926857029e-02
-1.961443459640726417e+00 3.105689735833720988e-01
-3.960667536756551144e+00 3.326598467567407624e-01
-2.119149261443817878e+00 7.891054244427664344e-02
-2.120040545845292002e+00 7.367543492466666066e-02
-2.106175120017136138e+00 6.054754530597961093e-02
-2.105285291110927659e+00 5.487640205424781925e-02
-2.104444386476037820e+00 8.950243418394165928e-02
-3.431930702398780397e+00 3.577724412916438723e-01
-2.072599721009885876e+00 5.541461105991629665e-02
-2.090945071809565903e+00 4.191148872277494775e-02
-2.070047545787607746e+00 6.260503371518666427e-02
-2.067015618461875981e+00 4.906799585549492804e-02
-2.065015701040126217e+00 5.581460206192900841e-02
-2.085932441284769290e+00 5.569507426210407175e-02
-2.068340085188236088e+00 4.405859652186450148e-02
-2.091723931472181164e+00 4.000660857525417669e-02
-2.091545413025775346e+00 4.525378620101605520e-02
-2.091701259226420362e+00 4.430271299048627043e-02
-2.079710071587168585e+00 4.509569126406631767e-02
-3.587740200447888661e+00 2.526983990311464368e-01
-2.073963374146962302e+00 3.607810420692203479e-02
-2.086685872189450563e+00 3.166758615012099654e-02
-2.072215285469542145e+00 3.307915107637882102e-02
-2.086333477528312663e+00 3.332658122016596280e-02
