-1.750829951577816601e+01 2.341430064649096607e+02
-5.954975825234442688e+00 1.828911510346877094e+02
-5.954975825234442688e+00 3.541489465216650956e+01
-5.954975825234442688e+00 7.690091319023167671e+00
-5.954975825234442688e+00 1.321365611801383011e+00
-5.954975825234442688e+00 4.035926100691824558e-01
-5.954975825234442688e+00 4.889854818719015839e+00
-5.954975825234442688e+00 9.257931220201385258e-01
-5.954975825234442688e+00 3.978335612947034861e-01
-5.954975825234442688e+00 8.495641858115163814e-01
-5.954975825234442688e+00 1.655864186261339910e-01
-5.954975825234442688e+00 2.697140011511578450e-01
-5.954975825234442688e+00 2.233505021539485824e-01
-5.954975825234442688e+00 7.687287693997291171e-02
-5.954975825234442688e+00 1.407274867002570318e-01
-5.954975825234442688e+00 4.342642276876063079e-02
-5.954975825234442688e+00 8.634122181427983378e-02
-5.954975825234442688e+00 1.273287929186039946e-01
-5.954975825234442688e+00 1.024819924677444760e-01
-5.954975825234442688e+00 7.638264852909060210e-02
-5.954975825234442688e+00 5.845554912744432841e-02
-5.954975825234442688e+00 5.159532577991399194e-02
-5.954975825234442688e+00 4.406441155325069303e-02
-5.954975825234442688e+00 5.224906408705010108e-02
-5.954975825234442688e+00 4.824986212821613663e-02
-1.420817785564904234e+01 2.071444874684477213e+02
-5.954975825234442688e+00 3.678239884075651389e-02
-5.954975825234442688e+00 3.254947151918941017e-02
-5.954975825234442688e+00 2.910177123155222034e-02
-5.954975825234442688e+00 4.306246847065153815e-02
-5.954975825234442688e+00 4.449840896918999533e-02
-5.954975825234442688e+00 4.434795253681045324e-02
-5.954975825234442688e+00 3.751046724062234716e-02
-5.954975825234442688e+00 2.928315411489279541e-02
-5.954975825234442688e+00 2.713577850013848547e-02
-5.954975825234442688e+00 2.960189607989605065e-02
-5.954975825234442688e+00 2.470888710456620174e-02
-5.954975825234442688e+00 2.454969237879822685e-02
-5.954975825234442688e+00 3.179198567050889324e-02
-5.954975825234442688e+00 2.741260492885544409e-02
-5.954975825234442688e+00 2.765515757843672873e-02
-5.954975825234442688e+00 2.552430346014489260e-02
-5.954975825234442688e+00 1.943105261517530380e-02
-5.954975825234442688e+00 2.035516835877615449e-02
-5.954975825234442688e+00 1.801807981638603451e-02
-5.954975825234442688e+00 1.980278803685564526e-02
-5.954975825234442688e+00 1.502774692343677998e-02
-5.954975825234442688e+00 2.577241393092322141e-02
-5.954975825234442688e+00 2.274561544231801236e-02
-5.954975825234442688e+00 1.668960006307429467e-02
-5.954975825234442688e+00 2.646772139789277389e-02
-5.954975825234442688e+00 2.863653272186184040e-02
-5.954975825234442688e+00 1.964224893970367702e-02
-5.954975825234442688e+00 2.096666951936754231e-02
-5.954975825234442688e+00 1.513527741201414756e-02
-5.954975825234442688e+00 2.118251296667494898e-02
-5.954975825234442688e+00 1.433233188765825616e-02
-5.954975825234442688e+00 1.911573313941516972e-02
-5.954975825234442688e+00 1.659729525661646221e-02
-5.954975825234442688e+00 1.503589426778262350e-02
-5.954975825234442688e+00 1.410081068391377812e-02
-5.954975825234442688e+00 1.439031628211751013e-02
-5.954975825234442688e+00 1.485698291787684866e-02
-5.954975825234442688e+00 1.801053282324005522e-02
-5.954975825234442688e+00 1.414322995719885512e-02
-5.954975825234442688e+00 1.287715637320729911e-02
-5.954975825234442688e+00 1.205329355363460309e-02
-5.954975825234442688e+00 1.484992289556430478e-02
-5.954975825234442688e+00 1.307420346620347118e-02
-5.954975825234442688e+00 1.294294039905707905e-02
-5.954975825234442688e+00 1.369640618619882844e-02
-5.954975825234442688e+00 1.352232294675559388e-02
-5.954975825234442688e+00 1.481820789814491945e-02
-5.954975825234442688e+00 1.511291445780216236e-02
-5.954975825234442688e+00 1.423091659501096728e-02
-5.954975825234442688e+00 1.708655882202947396e-02
-5.954975825234442688e+00 1.202990209586118908e-02
-5.954975825234442688e+00 1.154213516554136731e-02
-5.954975825234442688e+00 1.350893375163764176e-02
-5.954975825234442688e+00 1.239629829595401134e-02
-5.954975825234442688e+00 1.413768389653569102e-02
-5.954975825234442688e+00 1.258103221812234551e-02
-5.954975825234442688e+00 1.239394811315719380e-02
-5.954975825234442688e+00 1.209703762683034256e-02
-5.954975825234442688e+00 1.170989100123165372e-02
-5.954975825234442688e+00 1.271559680483846932e-02
-5.954975825234442688e+00 1.187110879737929281e-02
-5.954975825234442688e+00 1.183276614068518029e-02
-5.954975825234442688e+00 1.151603954284041720e-02
-5.954975825234442688e+00 1.202529037757926744e-02
-5.954975825234442688e+00 1.029244592004374681e-02
-5.954975825234442688e+00 1.012868174476011518e-02
-5.954975825234442688e+00 1.048712262777939941e-02
-5.954975825234442688e+00 1.152828884053747061e-02
-5.954975825234442688e+00 1.023416131363319437e-02
-5.954975825234442688e+00 1.025082793111664614e-02
-5.954975825234442688e+00 1.084894063939145781e-02
-5.954975825234442688e+00 9.608956123656753334e-03
-5.954975825234442688e+00 1.193896069244715363e-02
-5.954975825234442688e+00 9.266527281681646855e-03
