-5.954975825234442688e+00 2.446227999917100604e+01
-5.954975825234442688e+00 1.814113779120792458e+01
-5.954975825234442688e+00 9.189293809143009639e+00
-5.954975825234442688e+00 5.705287366603187138e+00
-5.954975825234442688e+00 2.008737412663222699e+00
-5.954975825234442688e+00 4.515741919858697884e-01
-5.230340004982018343e+00 3.043674956337127924e-01
-5.954975825234442688e+00 3.425458121252873411e-01
-5.954975825234442688e+00 2.131111410106711901e-01
-5.954975825234442688e+00 3.190702208613274138e-01
-4.639892301708084865e+00 4.418612328327498062e-01
-5.954975825234442688e+00 1.798000075350003613e-01
-5.544146488802691231e+00 1.663035132337782329e-01
-5.954975825234442688e+00 9.220036842054213366e-02
-5.925738384209733312e+00 9.385999610312012464e-02
-5.954975825234442688e+00 1.209848968771254363e-01
-5.954975825234442688e+00 1.418165624919680567e-01
-5.043928332199866027e+00 2.325882102748053626e-01
-5.954975825234442688e+00 5.521835741260616714e-02
-5.954975825234442688e+00 6.159891736651701422e-02
-5.305362129244691971e+00 1.431157281331820741e-01
-5.954975825234442688e+00 6.823698147280765625e-02
-5.954975825234442688e+00 6.803315582266122874e-02
-5.483127546232486438e+00 8.822611102064570332e-02
-3.575244460204753061e+00 1.421365202070688838e+00
-2.028709867914931131e+00 2.292579207466502567e+00
-1.972472108317164796e+00 1.568201087981691444e+00
-1.955483752839542788e+00 4.890196359113616609e-01
-1.943421559538229815e+00 3.902580470190670781e-01
-1.945957742074279295e+00 4.394211911794556613e-01
-1.946663583096000849e+00 2.517279987212148740e-01
-1.945380826882249892e+00 2.552498423782054715e-01
-1.946134497208865000e+00 1.249671402507814832e-01
-1.945479813331752794e+00 1.192475193715694104e-01
-1.944504408575127741e+00 1.656200679395709585e-01
-1.943804648828491466e+00 1.135357006698356486e-01
-1.943884662063700475e+00 1.087255863612313078e-01
-1.943178399549672974e+00 9.319394497282473822e-02
-1.943146866808652007e+00 9.043557911610378142e-02
-1.943520913024137542e+00 1.281896998242828545e-01
-1.943157994926725252e+00 9.435424451131524393e-02
-1.943192652104295703e+00 6.904303439463177483e-02
-1.947543718160089199e+00 6.198602465084945834e-02
-1.944247205194143291e+00 7.762808353639627512e-02
-1.944084208335960184e+00 7.858180780388579478e-02
-1.948125728985203864e+00 5.283753110233391226e-02
-1.946975486229074903e+00 4.900660271355405939e-02
-1.952020786542604469e+00 5.563368977822591432e-02
-1.949455218444457572e+00 3.741281223277326262e-02
-1.948321247091030273e+00 5.340115115740928786e-02
-1.946116024206130390e+00 4.953534250016389251e-02
-1.949215888855970746e+00 3.779355343820611779e-02
-1.946232894954754045e+00 5.569910151325530023e-02
-1.950271440966478309e+00 4.269328741258959781e-02
-1.953460685263177510e+00 5.238389674774879268e-02
-1.945638678228807095e+00 5.551454602395011761e-02
-1.947270954627276396e+00 3.974688715008767304e-02
-1.946357226919920080e+00 3.966668726754818408e-02
-1.948123014880405179e+00 3.383934877622607473e-02
-1.946548948125661482e+00 4.337543542956012743e-02
-1.948980676415825286e+00 2.947873625576846734e-02
-1.948104150437984572e+00 3.890404716428008669e-02
-1.945106440210317089e+00 3.500335570083734638e-02
-1.951242764472151947e+00 3.033622615986075743e-02
-1.955246027650163754e+00 2.500142140337402452e-02
-1.948075335101526306e+00 2.968920880857695010e-02
-1.948657677795452514e+00 3.023636797725259839e-02
-1.946235677584750690e+00 3.559776045731410932e-02
-1.946303011130334326e+00 3.441964567299038436e-02
-1.750829951577816601e+01 1.185959797762225207e+02
-1.948861780099592877e+00 2.546763495393378207e-02
-1.947319093149042502e+00 2.703477991983049833e-02
-1.946704847450975606e+00 2.292927095020047545e-02
-1.949029258599848546e+00 2.944505727668911277e-02
-1.956691709176801908e+00 2.191461685168860640e-02
-1.951875428851314709e+00 2.194732060326032297e-02
-1.947568403922755209e+00 2.591545758799895793e-02
-1.952111785017983436e+00 2.116641658821549754e-02
-1.947496290479017844e+00 2.189190799962403844e-02
-1.948617011131752008e+00 2.348674284047547189e-02
-4.566511265792490093e+01 1.165644044584539643e+02
-1.950051095795073408e+00 2.389090710821761832e-02
-1.949292351276806556e+00 2.072425723814319554e-02
-1.947634097728098368e+00 2.089304615955001054e-02
-1.948232531398485179e+00 1.971345155871517818e-02
-1.949141068581564440e+00 2.192275059135795345e-02
-1.952030763094350974e+00 2.047780819744104974e-02
-1.948756858109824464e+00 2.145361004180301734e-02
-1.948935598772262523e+00 2.082484897483283248e-02
-1.947960196372958919e+00 2.127059862046820626e-02
-1.949320412646832423e+00 1.804737498669339857e-02
-1.951485837810071899e+00 2.446131520795091774e-02
-1.951433865762483677e+00 1.896975390098987191e-02
-1.947476248454808712e+00 2.092988081330560135e-02
-1.952771590917880218e+00 1.511793972767350169e-02
-1.952944925237069640e+00 2.020471042523297456e-02
-1.950348212487254429e+00 1.617238277030708105e-02
-1.950159634192644376e+00 1.686117917019203105e-02
-1.950762851183148072e+00 1.917218841258261364e-02
-1.947559484455009482e+00 1.834416101591784809e-02
