-5.954975825234442688e+00 1.467039380521475493e+02
-5.954975825234442688e+00 6.839125084264546217e+01
-5.954975825234442688e+00 4.175229452444472145e+01
-5.954975825234442688e+00 2.680294173856125894e+01
-5.954975825234442688e+00 1.783150252682389691e+01
-5.954975825234442688e+00 1.612433942164290102e+01
-5.954975825234442688e+00 9.892272637444577299e+00
-8.059032308608989581e+01 3.287129644526717129e+02
-5.954975825234442688e+00 1.707667523604357029e-01
-5.954975825234442688e+00 1.867338504468989413e-01
-5.954975825234442688e+00 9.893525427512770420e-01
-5.954975825234442688e+00 1.713498046722463641e-01
-5.954975825234442688e+00 1.678724709263690329e-01
-5.954975825234442688e+00 6.304990161399359749e-02
-5.954975825234442688e+00 6.198156188057168947e-02
-5.954975825234442688e+00 6.265061216410572342e-02
-5.954975825234442688e+00 3.096376221500918291e-02
-5.954975825234442688e+00 7.666729700252972179e-02
-5.954975825234442688e+00 5.666725771882852314e-02
-5.954975825234442688e+00 7.115841244873877258e-02
-2.049362367819301589e+00 3.897456359837931927e+01
-2.003493523897956763e+00 6.253896375805254593e-01
-1.946213849726408540e+00 3.304487588312952084e-01
-1.943686632429137973e+00 2.745662338365661981e-01
-1.955130561765528796e+00 2.818154690729670619e-01
-1.943234984276960731e+00 2.110792046227913943e-01
-1.946469231847121506e+00 1.394546190313405987e-01
-1.944447951034982580e+00 1.192729715484688313e-01
-1.957196152307355774e+00 1.222129291353155622e-01
-1.971301887782917817e+00 1.926891852591552379e-01
-1.953393501764068674e+00 1.247789388947069256e-01
-1.955165842798463061e+00 8.997392202351761625e-02
-1.943154968330475185e+00 6.761687054165577138e-02
-1.949898697243479972e+00 7.959630166061515411e-02
-1.959325503468550167e+00 7.927516309089810420e-02
-1.970276195561448063e+00 8.981901274370329702e-02
-1.969243160853631380e+00 6.570570322000435226e-02
-2.016735313055992407e+00 1.255406366383056138e-01
-2.049223600527648514e+00 1.572709612044604910e-01
-1.975262876115873922e+00 7.937493746092627589e-02
-1.957992329775477103e+00 4.754600567991928983e-02
-1.977057093010927247e+00 4.966590505279100398e-02
-1.963397224027961130e+00 7.264683053267617652e-02
-1.943983856047893255e+00 4.885809582540900919e-02
-1.943220747977713714e+00 5.805009161502994175e-02
-2.017142375356860029e+00 1.038316575542239661e-01
-1.955688131520851414e+00 6.926868890022319647e-02
-1.950092468148904246e+00 7.767491800257175782e-02
-1.943471506571013308e+00 4.322338763174116139e-02
-1.943149624689800348e+00 3.460745851933211270e-02
-1.981044768541689649e+00 1.386596655528933297e-01
-1.963122396942489800e+00 3.252815676160025760e-02
-1.957755842154936587e+00 5.764151819178664482e-02
-2.034454648580197755e+00 1.210489195144646146e-01
-1.999523573736889048e+00 8.773291217849532586e-02
-2.016832861922461362e+00 1.453809782121595617e-01
-2.060656094162798269e+00 1.954374969354830682e-01
-1.946384374484969371e+00 3.093070662694685780e-02
-1.949860763698710642e+00 2.593039268052166335e-02
-2.004434169605163518e+00 9.198544036252087608e-02
-1.944535186449119379e+00 2.946303626029589395e-02
-1.949320803497002430e+00 2.628982268265644962e-02
-1.968052325921288315e+00 4.478493216478796057e-02
-1.951034515901779898e+00 3.339011194978525054e-02
-2.033167435117417376e+00 8.506663073413278653e-02
-1.987275099742374707e+00 5.566548966186246616e-02
-2.005915299760868464e+00 5.655134160008401523e-02
-2.046949012127391221e+00 8.761913225916373449e-02
-1.944788975754523364e+00 3.019343277128427872e-02
-2.021658169390646798e+00 6.279923813602295013e-02
-1.994892769958168444e+00 6.805257939856801386e-02
-1.955040455127985410e+00 2.557115473138082962e-02
-1.967072830841829045e+00 2.980964839940725142e-02
-1.984232180579834193e+00 3.641780646620418338e-02
-1.962985642134585262e+00 3.289379145280690864e-02
-2.006380885000910830e+00 4.365633839410065775e-02
-1.986175238772693419e+00 3.661461600336224365e-02
-1.956082040984483683e+00 2.442933055232288098e-02
-1.943202787763866013e+00 2.332543920266516579e-02
-1.977220447365857225e+00 3.842980565636366919e-02
-1.958763770726534403e+00 2.622969924152585008e-02
-1.960084348077231198e+00 1.816458494141670599e-02
-1.948438353439170712e+00 1.870988558803787782e-02
-1.951732708579633879e+00 2.595161569806236912e-02
-1.961191091324149482e+00 2.002335444592517888e-02
-1.948053385266126369e+00 2.026385587106460662e-02
-1.973339091626145958e+00 2.590056567152032585e-02
-1.971788339705021542e+00 2.759586586674345199e-02
-1.943447154580981717e+00 1.731104461339327827e-02
-1.961305549303714812e+00 1.833917956676600625e-02
-1.973182578042717239e+00 2.330280981976784460e-02
-1.951879988348458994e+00 1.588645258061660570e-02
-1.944921908757944351e+00 1.750419273156467170e-02
-1.952928137495565153e+00 2.047189777891844642e-02
-1.998698350196420392e+00 3.585776288974784620e-02
-1.954062465513029423e+00 1.699161196185627887e-02
-1.955600311703911132e+00 1.513760610828285280e-02
-1.949730530521692984e+00 1.610497471457961183e-02
-1.943251431313710142e+00 1.495716578048700285e-02
-1.943879155362386868e+00 1.655509488159623288e-02
