-5.954975825234442688e+00 1.613708813853537549e+02
-1.282975919259512843e+01 2.068041984348686810e+02
-1.658843340791993626e+01 1.359784863546814790e+02
-1.429681910200831574e+01 5.876923565336346655e+01
-5.954975825234442688e+00 6.208731430240258220e+01
-5.954975825234442688e+00 3.212795336772057908e+01
-1.973720670105119979e+00 3.348514906051744333e+01
-2.057058565509738202e+00 7.323043386783807307e+01
-1.949377786069300456e+00 6.006534177322691903e+00
-2.615705602501366300e+00 6.261883795385857354e+01
-3.654128636244559303e+00 1.784637290904271367e+02
-5.934769756795740037e+00 1.979963468099463171e+02
-5.988571055230815787e+00 1.933736655668956814e+02
-6.649067030541711887e+00 2.266212703202629086e+02
-6.970175344777896242e+00 1.948303757532435156e+02
-2.851862210430586408e+00 5.803392788001536928e+01
-1.190300796566656594e+01 5.541966056913278749e+01
-5.979357052829250563e-01 1.723556728678261152e+00
-1.943449721711537848e+00 2.757095718210933910e+00
-1.958449208842010236e+00 5.031099612397440524e-01
-1.009658485850732035e+00 8.244539275452495986e-01
-5.937137936931566884e-01 5.109566581179393552e+00
-8.738339744956267197e-01 5.409415018771710493e-01
-5.977995234655217871e-01 4.672487788715500301e-01
-5.092624170620645430e-01 2.154251595395948016e+00
-5.805611938850869791e-01 4.480683328602879101e-01
-7.364898392853760356e-01 2.323078926647497155e-01
-3.131789774589611497e+00 5.191331125625046639e+01
-4.488436581973083150e-01 3.045348529465172760e-01
-4.100149415715961254e-01 4.548772054857010971e-01
-4.165187829157286359e-01 2.415667455066738967e-01
-4.194270867075449161e-01 2.398912228163680993e-01
-4.119500070940400605e-01 4.255574806513777730e-01
-4.296395504686767453e-01 1.054925221348810283e-01
-4.224986318532675256e-01 2.032541545079311618e-01
-4.210764970967257881e-01 1.386508900623368845e-01
-4.190340713216524904e-01 9.626084149900293596e-02
-4.184036694480841589e-01 8.280827360889020383e-02
-4.156216222218116485e-01 7.972088959704137778e-02
-4.301087444261177950e-01 6.376873467002042162e-02
-4.129532676854363871e-01 1.149248990719513586e-01
-4.243225559884109543e-01 6.193870311088289782e-02
-4.188319668478115432e-01 7.877109430808104662e-02
-4.286614726803605890e-01 5.414222609101670969e-02
-4.219121144498334530e-01 5.336894693198246387e-02
-4.289528401129789614e-01 5.418382928323239867e-02
-4.173521962423585308e-01 4.666982801697372452e-02
-4.197148620946720143e-01 4.701590402942201763e-02
-4.376723393314048138e-01 3.878430799738907808e-02
-4.207499141881321236e-01 4.792022509622029247e-02
-4.220611568580068251e-01 5.506689157368782617e-02
-4.357370738928185716e-01 3.417525202900151271e-02
-4.216513494013440777e-01 5.319973379695852600e-02
-8.808225882129701034e-01 7.507095458774415420e-02
-4.182355502589718554e-01 4.568993099039175831e-02
-4.228115651338946179e-01 3.869005229296362813e-02
-1.260122988714504899e+00 1.136580545387175789e-01
-9.190281060614982067e-01 8.996436900523008262e-02
-4.259649204776767561e-01 3.598179779802990197e-02
-4.443565831129525634e-01 2.898733146622589629e-02
-4.338224709941673751e-01 3.225577541974189444e-02
-4.270367318845131877e-01 2.927583443053549672e-02
-4.267264957908523115e-01 2.821857357943713396e-02
-4.243969768730693204e-01 2.086227993640932254e-02
-4.205884218640267846e-01 3.575970955995444456e-02
-4.293068572876546085e-01 2.087182265083242783e-02
-4.270319387689962554e-01 2.675208788889449352e-02
-4.296137120683312105e-01 2.400859576289349206e-02
-4.261661139153183342e-01 2.101165521958137106e-02
-4.340595094217736261e-01 2.099765018814991890e-02
-4.222575650287598847e-01 2.555876680449387095e-02
-4.397823504459736910e-01 2.140451032897772166e-02
-4.238461094837013832e-01 1.730442658927699995e-02
-4.303297052304664305e-01 2.367825473686480109e-02
-4.360680178708076227e-01 1.962887697217752248e-02
-4.233721106506163068e-01 2.293050531062590380e-02
-4.329420820287221972e-01 1.854415981927104440e-02
-4.361709355181471182e-01 2.094111915445751038e-02
-4.249161571975488272e-01 1.754928302435132537e-02
-4.192969438998304099e-01 1.801666435136439759e-02
-4.352328997229406582e-01 1.733409145683140196e-02
-4.230443785483082308e-01 1.728794778770748053e-02
-4.267605722788552214e-01 1.469246064942808516e-02
-4.214555332380811592e-01 1.933082298208432803e-02
-4.410311776539685980e-01 1.657310986158222477e-02
-4.367440477316382186e-01 1.471649285340959068e-02
-4.260160367261214276e-01 1.652073057397274169e-02
-4.231348186625343288e-01 1.914537434137741911e-02
-4.316398715657570051e-01 1.560924716363842890e-02
-4.235891855198303801e-01 1.461504147428627221e-02
-4.388757015975350839e-01 1.699645509506808594e-02
-4.380802731458643962e-01 1.481371350783433627e-02
-4.348014345097137578e-01 1.762764747985556824e-02
-4.416154513463084186e-01 1.307093843726647719e-02
-4.352301294927691799e-01 1.165946944058759982e-02
-4.343870856180735984e-01 1.489390695965653322e-02
-4.360924465157864915e-01 1.479490997820676057e-02
-4.402183285954102132e-01 1.824010940580933493e-02
-4.384607128535176201e-01 1.755720314525888170e-02
-4.294355649570924527e-01 1.514343237900561689e-02
