-2.747543762452181113e+02 1.239479501467325129e+01
-1.750829951577816601e+01 6.169656622076573171e+01
-5.954975825234442688e+00 2.788884799343905030e+01
-5.954975825234442688e+00 4.356957237193394405e+01
-7.426385529014906695e+01 1.419568895453819550e+02
-1.344985523027736463e+02 3.144532111073128817e+02
-7.948138585863480898e+01 2.572462957807235284e+02
-4.015257534557502339e+00 3.423646990159262486e+02
-3.361802437014052458e+00 9.836154760268300379e+00
-2.826704101965499483e+00 1.155999543433705412e+01
-1.871184537939836190e+00 4.656707711582441789e-01
-1.911458889848583809e+00 4.441303076134488492e-01
-1.885709478099393266e+00 4.081596286990247791e-01
-1.859684536811400335e+00 3.602301585479210644e-01
-1.859484221514977165e+00 2.550884889780036247e-01
-5.954975825234442688e+00 8.392429562583743063e-01
-1.850065096794162756e+00 1.646263617206500385e-01
-1.872117689023813369e+00 3.190050715286076866e-01
-1.850666248453867624e+00 3.930152754987545904e-01
-1.853556138268888986e+00 1.174298171732743867e-01
-1.865959835302401615e+00 1.292611344965166609e-01
-1.855037758102774603e+00 1.164618411140452281e-01
-1.854053589762434839e+00 1.637163273236410532e-01
-1.853708016455465568e+00 1.193962859816508626e-01
-1.867303116432051269e+00 1.043620444822010995e-01
-1.856992871905024600e+00 1.443256986608218995e-01
-1.856460274723760406e+00 7.837436020614063636e-02
-1.849935193756664376e+00 9.881792760094754158e-02
-1.849815446929754970e+00 8.823632061927355608e-02
-1.850045905493933773e+00 9.704688758526458514e-02
-1.851092887048412905e+00 5.792627700353136788e-02
-1.851401338875334091e+00 7.214103877970501344e-02
-1.850101414291019708e+00 1.137006405371892015e-01
-1.858589667291038694e+00 4.741563595146658372e-02
-1.876231280812360680e+00 6.240651709271105574e-02
-1.851442938460321486e+00 9.060481799170361228e-02
-1.855861803238520125e+00 5.262816824986771280e-02
-1.857919534890591251e+00 5.948815588081401984e-02
-1.864644753076476036e+00 3.887806177172592470e-02
-1.855445922019256955e+00 3.748734515158957947e-02
-1.855146131563603973e+00 3.378529360790594183e-02
-1.857908020612171640e+00 4.273519000850001248e-02
-1.890501221230300288e+00 5.754644069020287134e-02
-1.881944923666072356e+00 3.415650983811246988e-02
-1.850565990969830210e+00 3.321441256218804483e-02
-1.878163752903265760e+00 2.589454531556611983e-02
-1.874484150213652001e+00 2.947438314433270534e-02
-1.881580685555750421e+00 3.049712666944515149e-02
-1.850114722067816686e+00 2.928121690351304096e-02
-1.856631545395250882e+00 3.319771865298548619e-02
-1.853766804463624851e+00 1.913609108441960416e-02
-1.866065616125181847e+00 2.618246392694345559e-02
-5.954975825234442688e+00 1.302148986824533949e-01
-1.858238149525643479e+00 3.624395921838186041e-02
-5.954975825234442688e+00 1.733157523387376386e-01
-1.855637134686144663e+00 1.799306767617281366e-02
-1.852871249822859667e+00 2.464053063619076056e-02
-1.851253235228194072e+00 2.297791814240213171e-02
-1.852891938258874660e+00 2.392814703290468969e-02
-5.954975825234442688e+00 2.023605917749762284e-01
-1.871349847752339812e+00 1.834228171017571185e-02
-1.855565086524192608e+00 2.015247149779497704e-02
-1.881189436999417097e+00 3.002643261754656123e-02
-1.860091142424129984e+00 2.260563031495621544e-02
-1.851155903153147264e+00 2.412981461205276901e-02
-1.863338712902518068e+00 1.846639995062560047e-02
-1.850445508993011856e+00 2.262385826392687704e-02
-1.851227602236873437e+00 1.617360235704268234e-02
-1.852294790171651329e+00 1.616438363473093887e-02
-1.854335318819080314e+00 2.223408135077420411e-02
-1.861917901002428266e+00 1.753358761152412626e-02
-1.850676309101739747e+00 1.464833204855153781e-02
-1.855619576442496310e+00 1.354906985702086786e-02
-1.855452757132944441e+00 1.423018292106803528e-02
-1.850069534780715230e+00 1.965036381815821187e-02
-1.853401361290806904e+00 1.687619081334901239e-02
-1.882461424820318641e+00 3.991483317321353752e-02
-1.849865171614487380e+00 1.559657551746340687e-02
-1.853109434574937708e+00 1.749047227420419404e-02
-1.868757846860995997e+00 2.391272525716203745e-02
-1.905077569922184466e+00 3.832930236706033611e-02
-1.849850656222237433e+00 1.260447848491708100e-02
-1.870020188358965996e+00 2.068033392717438801e-02
-1.854865938032020267e+00 1.609720672931302943e-02
-1.850098498211504960e+00 1.528583991810705811e-02
-1.892950762613839544e+00 3.782941821728513787e-02
-1.885744803694759497e+00 2.728913814345901301e-02
-1.871616291080915317e+00 2.515275876575628899e-02
-1.851478463399200081e+00 1.540555958180789276e-02
-1.897453651501308514e+00 3.064119857756963938e-02
-1.944563031859175339e+00 4.307039275917645682e-02
-1.852984028998481136e+00 1.311242958135494519e-02
-1.899811653632754727e+00 3.026739797005006949e-02
-1.865147555656712086e+00 1.915680427012489417e-02
-1.851386840168395054e+00 1.475313734545125044e-02
-1.858194071246753509e+00 1.454339663754922185e-02
-1.857142698366320843e+00 1.239809111956446941e-02
-1.852346822268730264e+00 1.504923665959267964e-02
-1.849893510516126938e+00 8.699137718025440336e-03
-1.850005939339071759e+00 1.162420405532316181e-02
