-1.458721908793955606e+02 2.626179186151144336e+02
-1.458721908793955606e+02 2.588922087138097936e+02
-5.954975825234442688e+00 4.462946448461923410e+01
-1.477601878706221861e+01 9.341738432652215351e+01
-5.954975825234442688e+00 1.200662118723732874e+01
-5.954975825234442688e+00 1.048928379164473768e+01
-5.954975825234442688e+00 9.116194545954499517e+00
-2.512930790677104120e+00 7.888557263461008517e+01
-5.954975825234442688e+00 2.070561378999968838e-01
-5.954975825234442688e+00 4.496544073623454096e-01
-2.039996073994370107e+00 5.072893511656445753e+00
-1.870273083027749195e+00 2.046998844415867325e+00
-2.001874896085234390e+00 5.647910258599324607e-01
-1.902958331939679226e+00 4.732869213654851137e-01
-1.941015185248323505e+00 2.835861952215736892e-01
-1.984589222231683436e+00 2.430673087909553942e-01
-1.948032573168051229e+00 1.361701332911025020e-01
-1.996893820882576165e+00 1.961842049096560459e-01
-7.228542551398285809e+01 3.128738121505621166e+02
-2.111704569139587484e+00 1.250050686337829120e-01
-1.935836992332742312e+00 1.374086147850164252e-01
-1.987308566571178048e+00 2.177721586491259131e-01
-1.982921804961208068e+00 6.326290410271440123e-02
-1.951969455394223729e+00 6.017149279676914375e-02
-1.923011518148713961e+00 6.524107278463020521e-02
-1.945485645755162807e+00 6.845359386491622899e-02
-1.945476358161329244e+00 2.513526065897053741e-02
-1.958780725682101931e+00 4.512504206562084619e-02
-2.002660123888253096e+00 7.605601070372358663e-02
-2.061890787436666983e+00 3.466976967936830079e-02
-1.946169228230441917e+00 3.253944346994330772e-02
-1.936786869844333125e+00 3.480930553388361659e-02
-2.032955719606737155e+00 3.919819551657610646e-02
-2.027187951369075591e+00 4.856664484307771090e-02
-1.957565452904596270e+00 2.348020422104468707e-02
-1.999865498646743234e+00 3.309652495951809215e-02
-2.139814235605014048e+00 5.531624457475459167e-02
-1.988774003598789974e+00 3.519867641230689514e-02
-1.995089693688765209e+00 2.511517985789168961e-02
-2.015711399521755709e+00 2.639426581018256002e-02
-2.057287747173019099e+00 3.696015058244483953e-02
-2.007247041063273230e+00 3.879444774801754647e-02
-2.030055210875497451e+00 3.934846439216244107e-02
-5.954975825234442688e+00 1.215218786711886878e-01
-1.993341004398050842e+00 3.499877507545079425e-02
-2.004406151779396517e+00 2.250977372008833299e-02
-2.020463627068258106e+00 2.794253397391344151e-02
-1.962884484382488637e+00 2.512434333289093047e-02
-1.959435622246418873e+00 3.628876257508295566e-02
-1.968931618172897302e+00 2.069996657340311685e-02
-1.963067841111872269e+00 2.753397919681788153e-02
-1.998902873137753389e+00 2.544435517646093103e-02
-2.020612370667010715e+00 3.162482282803580347e-02
-2.032282238838256205e+00 2.823453914848528257e-02
-1.933508865420616729e+00 2.375192062319797515e-02
-1.926407848980609572e+00 2.338403883817363749e-02
-1.929833396110884891e+00 2.206106679838626405e-02
-1.923957930218358925e+00 2.058277739487834879e-02
-1.948283653290571849e+00 2.727294545383074365e-02
-1.923720463997540264e+00 2.334957861347675134e-02
-1.946999760060208473e+00 1.986663912290964618e-02
-1.923630360512397885e+00 1.581099133360908127e-02
-1.934822528048842472e+00 1.812817084424978020e-02
-1.951690350114873240e+00 1.783206788098823381e-02
-1.925233163207868969e+00 2.082952688968475741e-02
-1.920437930482137290e+00 2.191856011910431334e-02
-1.975968701995149956e+00 1.687891627668136607e-02
-1.932174876463641056e+00 1.753141411799674643e-02
-1.928733144951204181e+00 2.039682768190687057e-02
-1.979859197869743070e+00 1.920766309802957039e-02
-1.932105374752307370e+00 1.814318961342564762e-02
-1.942720827007619278e+00 2.346842944058380453e-02
-1.927892739137750056e+00 1.545108998971045366e-02
-1.928459320125172738e+00 1.903534513360227720e-02
-1.923812777381730399e+00 1.923784260682737113e-02
-1.944626916865303201e+00 1.593863588701083245e-02
-1.927286149424874750e+00 1.908646938477431831e-02
-5.954975825234442688e+00 1.777113147512068281e-01
-1.927417976139430777e+00 1.617384806678501263e-02
-1.927176037455719637e+00 1.636322692860403549e-02
-1.926896406464864597e+00 1.773863993051350008e-02
-1.926593536258444317e+00 1.498291564996634406e-02
-1.933393709941157113e+00 1.612499975092873683e-02
-1.929858294636051852e+00 1.796621961190680850e-02
-1.932138549815135775e+00 1.421657527058073356e-02
-1.931138476994474829e+00 1.819896871225523682e-02
-1.935693081903812285e+00 1.426114571265202358e-02
-1.954550030060548949e+00 1.737888411514632026e-02
-5.954975825234442688e+00 1.253581981129627820e-01
-1.994878081073240494e+00 2.147608921632127021e-02
-1.968337312195464150e+00 1.279120744680994903e-02
-5.954975825234442688e+00 1.178848376974599432e-01
-1.930026412300827943e+00 1.310405718317042556e-02
-1.935978703932214273e+00 1.468975061698074569e-02
-1.933448444794629850e+00 1.552908070436842536e-02
-1.966846449029137744e+00 1.335370838123139947e-02
-1.930606309921019559e+00 1.321279105744110893e-02
-1.929302301076528892e+00 1.513673954261207655e-02
-1.933627225356049806e+00 1.388805548214122609e-02
-1.450922724137864250e+01 1.061417722625355964e+01
