-5.954975825234442688e+00 3.792474736110848710e+01
-5.954975825234442688e+00 3.427054766537072084e+01
-5.954975825234442688e+00 2.377458139444762253e+01
-5.954975825234442688e+00 2.186067545263259149e+01
-5.954975825234442688e+00 1.735129267364754568e+01
-5.954975825234442688e+00 1.586746935674593573e+01
-5.954975825234442688e+00 1.389713851538444800e+01
-1.055925216628823016e+01 4.688228974762675705e+01
-1.954269682621848858e+01 1.013652730835762554e+02
-1.943158635942277002e+00 4.884715982677749935e+01
-5.954975825234442688e+00 1.395414127606215970e-01
-2.250995728113714733e+00 3.482499715331381651e+01
-2.334049915039095424e+00 1.845431303045025118e+01
-2.062121497907214440e+00 8.509391197975162413e-01
-2.009412266644617695e+00 5.651294980881971242e-01
-1.971904271934842967e+00 3.384335877791073699e-01
-1.948678802728490922e+00 3.415685553120084705e-01
-1.972820421247350353e+00 1.980697292409132615e-01
-1.968864521147510871e+00 1.896539289137848527e-01
-2.007155890927422526e+00 1.837581229801656946e-01
-1.985836519400903555e+00 8.465667826561684706e-02
-1.980499023612193099e+00 9.679422515540636596e-02
-1.965810550590695982e+00 1.133896602670034781e-01
-1.973525219331392577e+00 9.180361246454538104e-02
-1.963691490921597449e+00 1.103538470268432548e-01
-1.970931318876358418e+00 5.704260658505688752e-02
-2.037468168245355038e+00 9.995132935415540487e-02
-1.986747537667779895e+00 5.927183189145068809e-02
-2.010400632224486728e+00 5.783250465256628559e-02
-1.996252138167404766e+00 4.640747428220493020e-02
-2.009972831574109442e+00 5.294185664089923193e-02
-1.986707035419200906e+00 4.962489805677705590e-02
-1.967908386216905114e+00 4.242682123123131532e-02
-1.989225457264199193e+00 4.256677000540776135e-02
-2.001529846880592878e+00 4.358968365940540934e-02
-2.014285856166537769e+00 4.476422036927374393e-02
-1.961576830377165237e+00 3.222056292983666026e-02
-1.979788952477274933e+00 2.914703680676211661e-02
-1.983988822761551418e+00 2.849631070533575894e-02
-2.015472690093917940e+00 3.576208060012220358e-02
-1.979537573189638522e+00 3.145562228500864421e-02
-2.006394489310383555e+00 4.969642340256541502e-02
-1.959789923820787649e+00 3.820219208250819065e-02
-1.962055364993808837e+00 4.233118962046944489e-02
-1.988855236514462277e+00 3.752814735376830413e-02
-1.965711059597820665e+00 3.174877808203291352e-02
-1.750829951577816601e+01 1.018444968058560107e+00
-2.032964916768648322e+00 4.361482589267495769e-02
-2.024922318388181708e+00 3.921024861449495802e-02
-2.013572752713407965e+00 4.352567687010377995e-02
-1.969629083312126383e+00 3.139980174350398556e-02
-1.984170705872134732e+00 2.345528373984961945e-02
-2.031736836628322607e+00 3.865676888371183395e-02
-1.968774425951316687e+00 2.139906727657603369e-02
-1.988266236198626302e+00 2.653715175135573645e-02
-1.962803687879318915e+00 2.541021289651723691e-02
-1.953742642342044533e+00 3.730680449514522934e-02
-1.960864833263757490e+00 2.290246669288364956e-02
-1.954201765556710768e+00 3.322198406314669228e-02
-1.984126966751071919e+00 2.402045918968553906e-02
-1.968476027380788196e+00 2.478848677787937049e-02
-1.964963465718669866e+00 2.544542993595655389e-02
-1.966642427564854856e+00 2.050824532409478707e-02
-1.975195470841409673e+00 2.029763376550874909e-02
-1.961907720360859031e+00 2.187209981509852241e-02
-1.960270721158478224e+00 2.278238012752353825e-02
-1.996331141592612823e+00 1.775277053431523200e-02
-1.978135660310988087e+00 2.278022105376464879e-02
-1.999104452191181380e+00 1.476194094027505344e-02
-2.019925305651288916e+00 2.314478946486531186e-02
-2.029713191083096113e+00 2.330631020348050697e-02
-2.002057259828544211e+00 1.708744011278895414e-02
-2.026647948802301258e+00 2.424063749529636880e-02
-2.038921083771242593e+00 2.319500793201711986e-02
-2.062095366141834418e+00 3.391338738840943279e-02
-2.056284887409663753e+00 2.837654526035748859e-02
-2.065678617591258259e+00 2.498281272636404537e-02
-2.081321486652273123e+00 3.434736452155107145e-02
-2.109664019699000193e+00 4.466791101874889591e-02
-2.068306900505931800e+00 2.455915536680208788e-02
-2.080868927887063791e+00 2.993820888843856665e-02
-2.061867796798327213e+00 2.480076590909163770e-02
-2.077522571430778342e+00 3.580303748374547013e-02
-2.083497755213438829e+00 2.683105162319066039e-02
-2.201798716939061151e+00 7.293138601758641926e-02
-2.121314198505986681e+00 3.975924450483603323e-02
-2.104878372148847987e+00 3.742094422817388022e-02
-2.108772790588473001e+00 4.027800496263012064e-02
-2.040758490583763241e+00 2.073532393299615251e-02
-2.039599258640215851e+00 1.674555743083772086e-02
-2.042084463367535463e+00 1.748732036190858707e-02
-2.043626462974560631e+00 1.584157352746728975e-02
-2.075222182335182630e+00 2.779820618717110392e-02
-2.041911975726368844e+00 1.841286989154866660e-02
-2.026665691896475607e+00 1.462239344550653186e-02
-2.028928282369081515e+00 1.270172377587641677e-02
-2.004826033551141862e+00 1.688745238229216739e-02
-2.023121848405751599e+00 1.288389975728421177e-02
-2.008265362181287372e+00 1.205403187867659653e-02
-1.999458642940092901e+00 1.237694306603032146e-02
