-5.827358714384574867e+00 2.411330958231739316e+02
-5.954975825234442688e+00 2.870719157220415596e+01
-5.954975825234442688e+00 2.893048557079059790e+01
-5.954975825234442688e+00 2.711944249632423976e+01
-5.954975825234442688e+00 2.159676471377171936e+01
-5.954975825234442688e+00 1.799013354194232761e+01
-5.954975825234442688e+00 2.087611414331035675e+01
-5.954975825234442688e+00 1.631107319154326163e+01
-5.954975825234442688e+00 2.197768054146390071e+01
-5.954975825234442688e+00 1.848065156357959538e+01
-5.954975825234442688e+00 1.591175120978070723e+01
-5.954975825234442688e+00 1.780133171325308439e+01
-3.576509769028141328e+00 2.699253837131061573e+02
-2.021198852339592733e+00 1.906360294165006621e+02
-5.484325645233779412e+00 1.569561014853710503e+02
-2.250302303749246668e+00 1.059332485890148376e+02
-2.467426120613927409e+00 2.271149798948968623e+01
-2.071719584524741364e+00 1.408913110731480174e+02
-6.520937001034887714e-01 7.578753854633362153e-01
-8.177227508593790617e+01 3.302280373909371747e+02
-4.727832429334632991e-01 5.611777831290964969e-01
-6.322386951195451132e-01 2.159028901601138273e+01
-3.280949103760280039e+00 1.059892806650154284e+01
-4.906766007522840312e-01 1.933957122037384124e-01
-5.651384165432435935e-01 2.707696624442519351e-01
-5.256991296212838449e-01 2.133825386943044577e-01
-6.040343446637734814e-01 1.558836933108125322e-01
-2.734416826964374714e+00 1.978648427809986288e+00
-5.644316854253936810e-01 1.490825005244573731e-01
-5.428097786803434133e-01 8.024605412390428683e-02
-2.494874981306788086e+00 9.860793088472803447e-01
-6.350539021230723336e-01 1.149054685892849648e-01
-5.153378485911179752e-01 9.704576608385195868e-02
-4.189899478202967487e-01 7.923393173501835918e-02
-4.122891757158022585e-01 1.026516465777831399e-01
-4.127582649100993706e-01 6.732143665604439775e-02
-4.101119348403621245e-01 7.860455770287444466e-02
-4.309171325626568461e-01 8.857028004760536533e-02
-4.160064012833615266e-01 1.033949287769644343e-01
-4.227585521002144020e-01 8.502981195778147594e-02
-4.266325029675677172e-01 5.188783529737861500e-02
-4.296430824428458806e-01 6.551788851319884088e-02
-4.224323368037978810e-01 5.185453948581653094e-02
-4.178634518146306931e-01 7.180751141575569818e-02
-4.162029815507377606e-01 5.094652588491044298e-02
-4.483602486664839404e-01 3.630574195926783432e-02
-4.138001401290019032e-01 4.107879932027458381e-02
-4.270443498770255530e-01 5.311131045061756595e-02
-4.176753248220475001e-01 3.654544848109253508e-02
-4.172116512085537465e-01 3.918035105326111989e-02
-4.121838063663343377e-01 3.355443473071773042e-02
-4.175663478706326259e-01 4.606387062946737387e-02
-4.085613454861842797e-01 4.303907146092456060e-02
-4.124358031464314678e-01 3.293882285558424883e-02
-4.087011825090360873e-01 3.877658977555142883e-02
-4.114237925486587955e-01 4.306618680277551903e-02
-4.356115021705004864e-01 3.320939414297185976e-02
-2.290112226454331434e+00 5.353636437523903169e-01
-4.101751686101113847e-01 3.994052290084937340e-02
-4.179086895982049299e-01 4.245293289531559822e-02
-4.257871588928043849e-01 3.655913054933535022e-02
-4.333085129783373901e-01 2.758368853798742748e-02
-4.167808159384236433e-01 3.667937744526739152e-02
-4.207382594277166987e-01 3.145760560192911726e-02
-4.161393545704328290e-01 3.214046655304514388e-02
-4.104057931927549419e-01 3.241371136689963350e-02
-4.220631235524923142e-01 3.441135731296185440e-02
-4.085849589759824596e-01 3.197829056719569962e-02
-4.153283094526809549e-01 1.911214615293488350e-02
-4.227631618077083431e-01 2.054865645851577938e-02
-4.185498565219649691e-01 2.500331752810325270e-02
-4.490440560240784862e-01 2.134516202474401325e-02
-4.225230238003305772e-01 2.798681795434276864e-02
-4.929080678352804057e-01 2.475291736240592400e-02
-4.391893802149358095e-01 2.060049591790402701e-02
-4.317925678342113827e-01 2.081735095902104149e-02
-4.415651052568208002e-01 1.556367266579172792e-02
-4.193497120082145813e-01 2.257074480306187070e-02
-4.192943025606226115e-01 2.282347092395298205e-02
-4.169123441831441568e-01 2.197916006548439327e-02
-4.448354980983406648e-01 2.135182798588175501e-02
-4.161425823523323686e-01 1.707998131320209723e-02
-4.352828887077837550e-01 1.904137610063116881e-02
-4.273611370311183322e-01 1.675085189364722282e-02
-4.212083935386328193e-01 1.680014179558497744e-02
-4.171699365942629356e-01 1.661883644644035485e-02
-4.432418119829808489e-01 2.046499930162326564e-02
-4.512553676381330092e-01 1.773324589467506485e-02
-4.461338605869027418e-01 1.828678070930322974e-02
-4.291415177872526243e-01 1.846591951863274517e-02
-4.435790373598020864e-01 1.591663743911908568e-02
-4.267584819805048113e-01 1.479288844211623655e-02
-4.318297578148886373e-01 1.682477371539903288e-02
-4.239473428118145648e-01 1.447790584748531728e-02
-4.434638659472422972e-01 1.589595614208860752e-02
-4.168715790381121167e-01 1.799637609465776222e-02
-4.221449738239009264e-01 1.446861611532312963e-02
-2.173129126714203885e+00 7.937702794183110200e-01
-4.234740095677818061e-01 1.531882530213124483e-02
-5.487030777436316953e-01 3.610760784468425300e-02
