-1.750829951577816601e+01 4.790418317286322747e+01
-1.750829951577816601e+01 2.717517304201419392e+01
-2.747543762452181113e+02 2.367098671719854153e+01
-1.750829951577816601e+01 1.738107635724868416e+01
-1.750829951577816601e+01 2.013753756003433182e+01
-1.750829951577816601e+01 2.058391355884936758e+01
-8.417373989731473216e+01 3.115088253878565183e+02
-8.103591439911660643e+00 2.819681905028770643e+02
-4.929135573614832566e+00 1.603363390450333554e+02
-5.954975825234442688e+00 3.372437932519968626e+02
-5.888312734308449592e-01 1.365665793611222512e+01
-1.553171258128623045e+01 3.219605412194643463e+02
-1.317133591111084101e+01 3.467179198904478881e+02
-2.047850352560824483e+00 3.999519768299933276e+00
-1.773556664476557287e+01 3.347082861344351841e+02
-7.547989902149527808e-01 2.155012556033028659e+00
-5.954975825234442688e+00 6.959633460354552881e-01
-5.954975825234442688e+00 1.919231080856633298e+00
-1.454320112667518003e+02 3.765331109007948953e+02
-1.300890307272835500e+00 2.394448639149430846e+00
-2.620714539018038636e+00 7.319749875216245982e+00
-5.954975825234442688e+00 3.858926057675091670e-01
-1.120474210015260041e+00 2.832768152756557356e-01
-1.114478098135791129e+00 3.023496680705761719e-01
-1.093250123171246813e+00 1.543169103741206527e-01
-1.098327018107331909e+00 1.816065797587214092e-01
-1.125837588433409309e+00 1.859572515771503731e-01
-1.134674506565216845e+00 2.025551450527984798e-01
-1.182231602455535935e+00 2.236679287861420562e-01
-1.139205281613641318e+00 1.365832817926388998e-01
-1.211133229655787957e+00 1.457019782867803315e-01
-1.245634430261130632e+00 1.770022719438202330e-01
-5.954975825234442688e+00 3.762727467227193756e-01
-1.218584655745136303e+00 8.444805791731369027e-02
-1.315262461757333412e+00 8.924454638486167823e-02
-1.337214619490897149e+00 1.216174553344160358e-01
-1.247443964899934699e+00 1.000808072385837022e-01
-1.199234756117714795e+00 8.996198919817288697e-02
-5.954975825234442688e+00 2.055343387101231656e-01
-1.299843370054441394e+00 9.084400345236076646e-02
-1.244803378428638752e+00 7.064913922977211769e-02
-1.126038762756506273e+00 7.365943218914594581e-02
-1.169362010009130870e+00 4.872066072425695893e-02
-1.224470592618555287e+00 6.346392680066514913e-02
-5.954975825234442688e+00 1.368531895319904379e-01
-1.185568232391549515e+00 6.210280319120897730e-02
-1.192460004858309830e+00 5.514208441732648680e-02
-1.064779235416708048e+00 6.072954638710825748e-02
-1.199459172174213606e+00 8.088703140148822968e-02
-1.062862318835964714e+00 7.471150087860678468e-02
-1.108362643759610577e+00 5.624171023362123378e-02
-1.133330780703543539e+00 5.624453641101467838e-02
-1.207018883586606250e+00 6.307698295250929732e-02
-1.127059424062032633e+00 3.530765565460569633e-02
-1.244483055539106431e+00 8.067237708664265483e-02
-1.192471007117857695e+00 4.854027671947847011e-02
-1.168099636914652351e+00 3.128628684987688757e-02
-1.249774783011257995e+00 8.398735678531465965e-02
-1.188700522362250211e+00 4.059072067627766955e-02
-1.188446200190137247e+00 4.226562422445567790e-02
-5.954975825234442688e+00 1.300216088978345397e-01
-5.954975825234442688e+00 1.001585559742466103e-01
-1.168122883423682978e+00 3.462282103080838169e-02
-1.150198945962310759e+00 3.610501923000697388e-02
-5.954975825234442688e+00 1.131637563810272695e-01
-1.137138256948258430e+00 3.293396614657240207e-02
-1.153006899972639943e+00 3.113593226314037565e-02
-1.173199294154915862e+00 3.663010768744356938e-02
-1.172151723172689231e+00 2.500205205652150653e-02
-1.161525569841963090e+00 2.096574081770086195e-02
-6.191210896003948250e+00 9.391180222308767611e+01
-1.175887642193226057e+00 2.660920977186265191e-02
-1.168055665490463468e+00 2.377179896825509786e-02
-1.166934603971276019e+00 2.747731863223634718e-02
-1.165190606644081583e+00 3.193241856365602871e-02
-1.182286785068168200e+00 2.826705003127472082e-02
-1.208993699272813416e+00 4.074652022708846744e-02
-1.191745438821904202e+00 3.067154691257201193e-02
-1.139896967032393960e+00 1.867668232634400738e-02
-1.169769863522896358e+00 2.091252208680316471e-02
-1.132425877558654648e+00 2.124133834371377816e-02
-1.135482515551263560e+00 2.163453385003322182e-02
-1.174004190381472412e+00 2.806533056292437323e-02
-1.134527184908849406e+00 1.821613615817341270e-02
-1.125413163165834618e+00 1.811818023799105504e-02
-1.138468138261773177e+00 1.942343995648343480e-02
-1.097349997051386694e+00 1.724522996912014605e-02
-1.229762128519853448e+00 4.433479563294895343e-02
-1.178422763693717457e+00 1.886245214677728654e-02
-1.187540554673374160e+00 1.962173135063949303e-02
-1.171983036950567936e+00 1.710243442659020729e-02
-4.761163290859533603e+00 2.817038573203719238e+02
-1.124750104445693566e+00 2.666403110140436183e-02
-1.156322930702280871e+00 1.548815033658001994e-02
-5.954975825234442688e+00 7.283871472344571885e-02
-1.194646084710550227e+00 2.372750492767750075e-02
-1.125257254637451965e+00 1.577196093853672210e-02
-1.127397672701754061e+00 1.355671595666763096e-02
-1.170260661447416695e+00 1.539632946406754854e-02
-1.143818944306488561e+00 1.382976075092301471e-02
