-5.954975825234442688e+00 4.889692729078937816e+01
-5.954975825234442688e+00 3.370007901950003770e+01
-5.954975825234442688e+00 2.234766163827912777e+01
-5.954975825234442688e+00 1.748959314975272861e+01
-5.954975825234442688e+00 1.676418083411659765e+01
-5.954975825234442688e+00 1.358930061635744835e+01
-5.954975825234442688e+00 1.291720951481654822e+01
-5.954975825234442688e+00 1.231712179169667110e+01
-5.954975825234442688e+00 8.437617319390653847e+00
-5.954975825234442688e+00 8.755833958474028123e+00
-5.954975825234442688e+00 7.134142295698580938e+00
-2.747543762452181113e+02 5.468167481718283085e+01
-1.940440954497609738e+01 1.273056744970089937e+02
-1.142265589780440749e+01 3.222153010950481189e+02
-8.175880340689120729e+00 7.585160109491698677e+01
-2.042594348873016052e+00 1.084631785457833075e+01
-7.426501888034010790e+00 2.100740656906335744e+02
-2.061096367904664994e+00 1.079537838900864699e+01
-2.129448259081779149e+00 5.352358227375475508e-01
-2.323187471509517721e+01 6.253284924705906178e+01
-2.508639697632820997e+01 8.397614421508119165e+01
-2.102208415460058433e+00 1.718493257104967142e-01
-2.072195988781533771e+00 1.691228922781533583e-01
-2.102934981115339497e+00 1.159406002138325675e-01
-2.092800874264159283e+00 1.491955857228504101e-01
-3.018499518479423216e+00 6.807691843755911520e+01
-3.191431030881767938e+00 5.557305149593545934e+01
-2.073717254504219731e+00 1.828413462317541871e-01
-5.445677639661055558e+00 3.839593715980669231e+00
-2.069466011813485551e+00 1.380847732379493209e-01
-2.101058226302711773e+00 1.075206248253834929e-01
-2.098169710344291339e+00 5.433538457839404145e-02
-2.037307140086726420e+00 1.147403944282530119e-01
-1.906505212416377049e+00 2.138199689701835382e+01
-2.095416429448222040e+00 5.113986032699813222e-02
-2.077350712922463316e+00 7.193809291388220117e-02
-2.118047867853679378e+00 9.947691460155283494e-02
-2.078171148996168505e+00 1.097467610917703951e-01
-2.110296962620481942e+00 5.927305120653159065e-02
-1.856657756061204978e+00 1.697468771279375233e+00
-2.144608842225293799e+00 7.124195660981058609e-02
-2.151524788581259173e+00 8.031477651263685402e-02
-2.131803487560271826e+00 7.461318490229018607e-02
-2.139500783081558666e+00 5.822577479037249759e-02
-1.444702412533453995e+00 9.906261699782419328e-01
-1.306346208388903918e+00 7.975719653061617009e-01
-2.144197933078249463e+00 4.392932905332713744e-02
-2.152394098133933120e+00 4.582740089611547774e-02
-1.593506833570394576e+00 1.005880970070080593e+00
-2.169576021140612099e+00 4.114962857562431964e-02
-2.204983764033960014e+00 5.580144553155719223e-02
-2.152044762834793623e+00 4.554020479756104578e-02
-2.107614389962026102e+00 2.589512834379092965e-02
-2.535218417462030693e+00 2.312333672509510052e+00
-2.099468275430010245e+00 3.605033378332223037e-02
-2.114971983000597078e+00 3.042668932167202911e-02
-2.096393331463206167e+00 3.023126196887915285e-02
-2.121075756030524673e+00 2.847613103915591637e-02
-1.679203526797639512e+00 3.929366141955199510e-01
-2.064000194299451252e+00 3.725303750664465952e-02
-2.072658819432426469e+00 3.608140367595069620e-02
-2.083858566453063332e+00 2.806103063028331235e-02
-2.041785508809979000e+00 4.239864783360758338e-02
-2.082926109094492162e+00 2.847558218280710207e-02
-2.081216762207212412e+00 3.187028657760038186e-02
-2.070157756536011640e+00 3.190188877377408971e-02
-2.091760654030808020e+00 3.208976128635754321e-02
-2.910622756654384524e+00 6.545241010997813191e-01
-2.076078489638025992e+00 3.088065356456581867e-02
-2.091683260067880745e+00 2.599338833132947002e-02
-2.066299251710373319e+00 2.473695529465658183e-02
-9.695497518974889317e-01 6.436239271280328467e-01
-9.683259473724650235e-01 7.469992203245112705e-01
-7.476526667665392978e-01 7.070889249130232201e-01
-7.703458354616490311e-01 6.237594185995192220e-01
-5.213373520016730822e-01 9.792155229814056838e-01
-2.119374389937265235e+00 2.339005957634299193e-02
-4.830688366636071152e-01 2.461400577257109035e-01
-6.293088703308438170e-01 2.137572917284273899e-01
-6.927415433155186264e-01 1.544682568608379825e-01
-6.606157015842057945e-01 1.299650888132362070e-01
-5.943676315474650806e-01 1.202930327624756046e-01
-2.086880324033246303e+00 2.850243165693200353e-02
-6.193331872311151898e-01 1.224520561090400861e-01
-6.343136074759154752e-01 8.457924343190370564e-02
-7.771542834949869416e-01 1.140310030397699848e-01
-6.376164090481832858e-01 7.638008552154929021e-02
-2.102467750942221159e+00 2.524678836385874092e-02
-6.409998130620451207e-01 5.536877604706091915e-02
-7.516529452901963282e-01 8.833499040366632471e-02
-5.234947646453758097e-01 5.986482896810230159e-02
-5.374061105328369337e-01 6.460522999589102255e-02
-7.050718526714057077e-01 5.896634460580685300e-02
-6.321691892404324165e-01 5.182494479765864526e-02
-6.482958269857306277e-01 4.367283948590738873e-02
-5.638762445058436157e-01 5.201401524573157076e-02
-6.299668261538968750e-01 4.265947822261750844e-02
-6.320579593657633666e-01 4.666702935327293744e-02
-2.105791517353692299e+00 2.055496833344250263e-02
-5.686378860690197712e-01 3.604900355327345096e-02
