-2.758287595306922313e+01 1.479273745270089080e+02
-2.015868609631986885e+00 4.465636144099048011e+01
-1.110335875517433735e+00 1.544422559969092390e+01
-6.976621475419264584e-01 7.093844674356186886e+01
-2.534132040474117886e+00 2.998635429023305221e+01
-1.093518834066330214e+00 2.426142920103472989e+01
-2.276335422923205343e+00 1.236381254101185334e+01
-1.111542836101231657e+01 3.500583402084104989e+01
-2.448752200635381016e+00 2.902557288493463261e+01
-2.039890282293312929e+00 2.405766641263332417e+01
-1.986416060605366241e+00 1.109599208886382371e+01
-2.157337178987599025e+00 1.049983435043669999e+01
-1.854491205040160295e+00 6.798746631334751100e+00
-2.175455115766878222e+00 7.004761714222937030e+00
-1.919963169848545093e+00 4.648769826573754926e+00
-1.987520088185032563e+00 4.753187011480207502e+00
-1.850432926165900938e+00 3.796669241201527711e+00
-2.421597129188794995e+00 6.005671110547410763e+00
-3.029173396786283945e+01 3.133647570581294985e+02
-6.718410189492924900e-01 3.792189164561534653e+00
-4.963973246668285100e-01 3.054389055956903576e+00
-5.474182809363856705e-01 2.880855899652516428e+00
-4.254940938771039072e-01 1.351362715397016245e+00
-4.063100866917892517e-01 6.049368841448767853e-01
-4.026704127548530465e-01 4.598020170229517589e-01
-4.880214301448724257e-01 8.226353603586176177e-01
-4.012504378802717042e-01 2.004791026296288692e-01
-3.993727606131312058e-01 3.967522793705029471e-01
-4.033491300416756076e-01 2.665484997837950232e-01
-3.998016572761677878e-01 1.737070516641665563e-01
-3.993101062422272918e-01 1.705286804579486670e-01
-3.996350525994607494e-01 2.550762515051019363e-01
-4.028532416037275965e-01 1.263586959468909754e-01
-4.041160690486034213e-01 8.884173522642413445e-02
-4.165685445550302290e-01 2.847571067117939947e-01
-4.025221458459444790e-01 1.460982171641660443e-01
-4.073532679713824933e-01 6.866918597233961918e-02
-4.022813524654740291e-01 1.033193083151218161e-01
-4.079940380856701410e-01 1.013761530954582213e-01
-4.219591665997093344e-01 8.415366007997704401e-02
-4.200574861874581956e-01 7.935865532590469229e-02
-4.001952065754323939e-01 6.353435190820277967e-02
-4.021694637921058302e-01 6.514256144910746116e-02
-4.007606323426404771e-01 7.517677021260738002e-02
-3.986851913421034510e-01 6.083717877712047084e-02
-4.001262910818113028e-01 5.607068013077309843e-02
-4.255230243926479972e-01 6.824307665510787047e-02
-4.007668490065281475e-01 3.924505098851227558e-02
-4.060274156377303711e-01 5.032669838439574050e-02
-4.058898069140806086e-01 4.160858955970070383e-02
-4.064798355708152400e-01 4.108180175336428874e-02
-4.102954340283062606e-01 3.884729476754955613e-02
-4.087627996935676578e-01 4.132607452604020182e-02
-5.615691716336463912e-01 1.842785512539819592e-01
-3.990291291395582363e-01 3.885098921890062229e-02
-3.988167995566822555e-01 4.575497713696563551e-02
-3.999375160923079875e-01 4.938832352917188473e-02
-4.086812669534776177e-01 3.204818039867518564e-02
-4.057845969304185729e-01 2.516770543752500089e-02
-4.058268555145154721e-01 3.498235545484362774e-02
-3.994958331452362899e-01 3.255486743665869653e-02
-4.183955189946217956e-01 3.176500381735536394e-02
-4.080511304871450307e-01 3.301253893263833561e-02
-4.020273580153599369e-01 2.876886124911948173e-02
-4.026002484307831253e-01 3.971415481041162820e-02
-5.437559633036048723e-01 1.573617038957308978e-01
-3.028302688151698874e+01 3.167498481968459600e+02
-4.012147731929900374e-01 2.020191101422597058e-02
-3.993341287000262696e-01 2.361623406997637176e-02
-4.014203835114340535e-01 2.354973231828694225e-02
-3.986752092082905818e-01 2.295041481301041131e-02
-3.076091790172154106e+01 3.076957015228795171e+02
-4.015248060555691723e-01 1.619049999965227471e-02
-4.048471522638426023e-01 2.544880547577577090e-02
-4.303235924194428463e-01 2.956020605913067811e-02
-4.032695121115139614e-01 2.114906378361069983e-02
-4.189368101804440414e-01 2.361311428950330082e-02
-5.089397448669537027e-01 2.281095615598474069e-01
-4.172111869878083468e-01 2.214405150522225085e-02
-3.054097938746689778e+01 3.156293377796456525e+02
-4.192382067003972423e-01 1.791251486679357185e-02
-4.193987970164982926e-01 1.983684871419200135e-02
-4.372815744748841382e-01 3.050846058104639269e-02
-4.443738718708800661e-01 3.155197719087254882e-02
-4.208218675650048368e-01 1.968657254133177048e-02
-4.396248685035448744e-01 2.760440725134571949e-02
-4.317272260819979834e-01 2.759289821904076234e-02
-4.050477057488972576e-01 2.151926694841677090e-02
-4.413860251874179852e-01 3.017375124821342069e-02
-4.342818418989047302e-01 2.611612943343288862e-02
-4.372545761251380725e-01 3.078764369766417985e-02
-4.487499869114675022e-01 3.298633469077572045e-02
-1.127194858410546985e+01 2.180711542941680534e+02
-4.231026751655271312e-01 2.391307230180927945e-02
-4.875987634601326448e-01 5.547714781067725198e-02
-4.357044705303962928e-01 2.154713900122828818e-02
-4.891712655388325004e-01 5.465577682747380095e-02
-4.543402540909511345e-01 2.440103803203896859e-02
-4.504174552579520707e-01 2.607402812193981845e-02
-4.357361470022862449e-01 1.748552763612565286e-02
