-2.747543762452181113e+02 1.909078137642451338e+02
-1.880166531674942831e+01 1.179865212794858280e+02
-1.420789017930519904e+01 1.385175455119541539e+02
-5.954975825234442688e+00 6.738443537571043862e+00
-2.635411044452096618e+00 5.005386717486203452e+01
-5.954975825234442688e+00 1.102533960187540174e+01
-1.981829570193248458e+00 5.399925490119167648e+01
-5.954975825234442688e+00 4.964981155877239871e+00
-5.954975825234442688e+00 4.071357381544004284e+00
-5.954975825234442688e+00 2.662397471584739606e+00
-8.056914702779485182e+00 3.214093544708880472e+02
-4.069137746476346074e+00 1.440141386296281212e+01
-2.341515465805784402e+00 4.067804596305791165e+00
-2.568734129894620466e+00 2.270610489914929531e+00
-2.503734537548399253e+00 2.484170649736569203e+00
-2.078380546737983892e+00 1.574697446300433512e+00
-1.987633969691060543e+00 5.917587830101354029e-01
-2.002757638162433018e+00 7.264732976864252123e-01
-2.010267791135670556e+00 3.332123240515727502e-01
-2.144914507786153557e+00 1.859632650210585325e-01
-2.184970833994727357e+00 2.210836935870474917e-01
-2.216200446093799847e+00 1.384503981454656696e-01
-2.107958189129432114e+00 3.014800095308771688e-01
-2.060925125012229131e+00 1.485584533826056486e-01
-2.031427984274693621e+00 1.223619289711734837e-01
-2.030711622449392628e+00 1.486781872322637810e-01
-2.044401564298471641e+00 1.045165697286165596e-01
-2.013371273533177686e+00 1.207869686980984625e-01
-2.049399095239733626e+00 7.083931279714761331e-02
-1.992746046765050849e+00 1.321510296416761321e-01
-1.986552554426687323e+00 1.370409949208237776e-01
-1.961595472285583952e+00 1.378073203403005209e-01
-1.985838841700777735e+00 8.864078118389784322e-02
-1.964939606459127575e+00 1.028739303195322918e-01
-1.987771492943332774e+00 1.767868823896208141e-01
-1.952612247524470490e+00 1.327320761329247034e-01
-1.971486125716829463e+00 9.099639451909524723e-02
-1.958789961935599067e+00 6.243588755347673214e-02
-1.947221738704323357e+00 7.213421657624508043e-02
-1.950551469629310475e+00 8.646508372200401027e-02
-1.954814264375929866e+00 6.392693208590571885e-02
-1.949887529349853210e+00 6.756873774560290258e-02
-1.950095629149947385e+00 6.978402163073837983e-02
-1.947357736187278476e+00 9.064537785667425851e-02
-1.946250020132849201e+00 7.760876923842374708e-02
-1.945736866636384121e+00 5.577786822178154580e-02
-1.952624754465924539e+00 3.377365965846479412e-02
-1.958976850330564901e+00 3.362751050266865604e-02
-1.959136642776446280e+00 4.113772526858383571e-02
-1.950302313909652696e+00 5.822535406579731898e-02
-1.946771676346431335e+00 4.296512004177088784e-02
-1.946585620926688520e+00 5.788579543147420736e-02
-1.949699032814734778e+00 4.507108745167442976e-02
-1.952800519153681691e+00 3.450088932586936608e-02
-1.952566546959134897e+00 3.561702670859290265e-02
-1.944522562079159300e+00 4.771776665168658838e-02
-1.961760923726391326e+00 2.562534171187280663e-02
-1.949710438132425949e+00 2.899107701341563370e-02
-1.946237304699057091e+00 2.914854358164120640e-02
-1.963609431275980199e+00 2.292716106003922505e-02
-1.949205466776986029e+00 2.864420845114068470e-02
-1.948074434720462378e+00 2.996591313745966545e-02
-1.944452283116650193e+00 4.195358015417127717e-02
-1.947939360932306130e+00 3.147164627887377719e-02
-1.952397314542613671e+00 2.563454658755404125e-02
-1.956950910789823084e+00 2.537376360703547107e-02
-1.955907927231525179e+00 2.213759004968096633e-02
-1.945236181090645999e+00 2.625209046271947955e-02
-1.962620912330267586e+00 2.125235929665336698e-02
-1.946641304125900973e+00 2.141519656484547340e-02
-1.943217081199623664e+00 2.985282934710653535e-02
-1.960028742268345781e+00 2.048839884136555156e-02
-1.960393855372652538e+00 1.883834775082959823e-02
-1.964148971151347567e+00 1.744346901460858135e-02
-1.959912173596739748e+00 1.791558155494499260e-02
-1.956904531070605913e+00 1.767187737067388298e-02
-1.964663282085263418e+00 1.850622329118323250e-02
-1.947561122454111171e+00 2.336474235147534273e-02
-1.959061638677003003e+00 2.159246444213636096e-02
-1.957241704515983116e+00 1.619931116869111065e-02
-1.959938426540182022e+00 1.816601106401094512e-02
-1.970625141599139596e+00 1.277097700770468691e-02
-1.951716794222370766e+00 1.784931681410739657e-02
-1.966733290309107929e+00 1.933977921842711112e-02
-1.959030415073781839e+00 1.551811103166755856e-02
-1.956589316187182348e+00 1.512500450454012935e-02
-1.976220234877898108e+00 1.368924689285222485e-02
-1.950913772569103699e+00 1.396464015223841670e-02
-1.972241064984590508e+00 1.231057917507882848e-02
-1.958125820175558474e+00 1.316430102940557845e-02
-1.970513004338501517e+00 1.269277054282724748e-02
-1.969861865955888192e+00 1.276305451790449297e-02
-1.967667613311347097e+00 1.426111772224203378e-02
-1.975586605535138318e+00 1.234552375686348569e-02
-1.956141569436354644e+00 1.549808073795588825e-02
-1.949993079817478048e+00 1.522865833203468355e-02
-1.957764586145589902e+00 1.266986507599199285e-02
-1.980025072351512705e+00 1.316426130580339304e-02
-1.946131861128741036e+00 1.606531833419921895e-02
-1.961925032804115787e+00 1.419314031662111120e-02
