-5.748277387964273899e+00 9.778429413753934796e+01
-5.233412182174407690e+01 2.099352985293137124e+02
-4.538667397057464115e+01 1.899855804015752483e+02
-2.714687916339371654e+01 3.333993887619266161e+01
-3.742927002131725089e+01 7.839290277434287191e+01
-2.924969227513298264e+01 4.659777455240036659e+01
-1.667692267620387270e+01 6.381510492157205761e+01
-5.954975825234442688e+00 2.294931298020566146e+01
-5.954975825234442688e+00 1.087238032345362626e+01
-5.954975825234442688e+00 8.243178503222210907e+00
-5.954975825234442688e+00 5.663675599292801621e+00
-5.954975825234442688e+00 6.407465945787734540e+00
-5.954975825234442688e+00 6.610530964012212962e+00
-5.954975825234442688e+00 1.738704918673690258e+00
-2.932138228821982828e+00 2.773292720959882729e+01
-4.401865838648761908e+00 2.949002974298454660e+01
-1.813296743656021803e+01 2.168100704348873933e+02
-5.745891296335496889e-01 1.063160785405784736e+00
-2.036367079358391408e+01 2.279682666019947987e+02
-2.747543762452181113e+02 2.343712027021062170e+02
-2.747543762452181113e+02 2.311118169248931338e+02
-5.255827440154572372e-01 4.075435702089862389e-01
-5.954975825234442688e+00 7.666255651902531554e-02
-5.329213128270193778e-01 2.098978329668881315e-01
-2.747543762452181113e+02 2.311556346891659928e+02
-2.747543762452181113e+02 2.090863823346467711e+02
-2.747543762452181113e+02 2.308663585946599710e+02
-4.680359991023390620e-01 1.230393286037951839e-01
-4.481380878560887737e-01 1.323599344125199195e-01
-4.932166775696133598e+00 2.050423971618812402e+00
-2.600233419131718016e+00 1.189764034820129268e+00
-4.702746973223241866e-01 1.320909382897639262e-01
-2.530194593356355881e+00 9.944095511314969826e-01
-4.597579665065794075e-01 1.027747198705526444e-01
-3.630826258262270123e+00 1.289618869242872279e+00
-5.564970215250095720e-01 1.512670908960274119e-01
-3.012077049780724991e+00 7.529614662866777053e-01
-4.656292954816763086e-01 1.651821517098142067e-01
-6.870114707249950214e-01 1.494023339088528246e-01
-5.275175522331583267e-01 9.023637292750663619e-02
-5.096207528579395074e-01 6.617026469800180166e-02
-1.929131745514879981e+00 9.182213020020810745e-01
-2.248169518291560642e+00 4.702147527964370965e-01
-1.919113019570174217e+00 3.559927277853489613e-01
-5.004374178009598495e-01 7.499480931690527541e-02
-4.787822384138902265e-01 5.832723617518809078e-02
-4.467733141761023319e-01 6.195118428271939592e-02
-2.067443994629016402e+00 5.196014424820134536e-01
-4.990446636056393714e-01 5.396757599581292197e-02
-4.454075186942016984e-01 5.775944015189793390e-02
-2.057664714695107477e+00 2.886476660313519460e-01
-5.266354651740918769e-01 6.105782229826672847e-02
-5.013179780485472747e-01 5.425576785856378592e-02
-1.967818830963066645e+00 3.966734482462186406e-01
-4.616601549628143175e-01 5.173404415660343147e-02
-4.861592497261391088e-01 4.790355765337039884e-02
-5.325749010559004404e-01 4.551469344917791204e-02
-4.418933521075416593e-01 4.287898958105529346e-02
-5.532916917868941908e-01 4.920280890704020749e-02
-4.610825211997564566e-01 4.141855759826285066e-02
-4.524119461598274938e-01 4.534056440445510816e-02
-1.984620396580316637e+00 1.770040494748741366e-01
-1.971279521478548347e+00 1.343371212675776860e-01
-2.011394834695575007e+00 9.904256461067006967e-02
-4.449611982495724760e-01 4.614455159426711361e-02
-2.022401738326975007e+00 8.096728748753889704e-02
-4.440357018971141656e-01 4.607246537375431217e-02
-4.283675502981427741e-01 4.866316706036855066e-02
-4.426804554177046214e-01 4.694617007666579411e-02
-4.277899922962529189e-01 4.360050150040706285e-02
-1.964444856568443143e+00 9.036136613929102168e-02
-4.263434665770180487e-01 4.957453890384044826e-02
-4.296220059287332305e-01 3.836856522056564245e-02
-1.952104437879285115e+00 7.625834443618373371e-02
-4.355860940880731391e-01 3.746428019135805698e-02
-4.616973082405433360e-01 3.767376303989067310e-02
-1.986236616535340005e+00 7.247036799583383981e-02
-4.309366155577549762e-01 4.677927778050161578e-02
-1.947472586845204745e+00 6.648321165050674608e-02
-1.949416650319431454e+00 8.043933316855600424e-02
-1.946567838242611259e+00 6.833785818986370941e-02
-4.238457287942889451e-01 3.438917039397892950e-02
-4.632745580018067244e-01 3.852166413793156607e-02
-1.932381161549608706e+00 6.887529189228303039e-02
-4.258033993653960181e-01 5.456723481168523904e-02
-4.172809241420747384e-01 9.176379150156321884e-02
-4.246329092503557945e-01 8.656662170224649344e-02
-4.501243879670511205e-01 3.413183444138212508e-02
-4.278721276154460185e-01 2.474133167197578587e-02
-1.937554516538167348e+00 7.769624774749672724e-02
-4.401960449741739723e-01 2.399155361959515176e-02
-4.348813012050083415e-01 1.836567645531772541e-02
-1.919895922555284073e+00 6.312372884681849428e-02
-4.389534856627754777e-01 2.251158219971216568e-02
-4.474580294876808750e-01 2.516627667770876542e-02
-4.471226913856671814e-01 1.960699952243771804e-02
-4.980062738564310365e-01 2.253901042928418974e-02
-4.355615503251719645e-01 1.659053367797014289e-02
-4.410443337690264087e-01 1.780616613322649755e-02
-1.901568638955460244e+00 6.563676064891410533e-02
