-1.766872813960770827e+01 7.991809806572859998e+01
-8.416340600953184037e+00 1.144291375413689735e+02
-1.830179885203860835e+01 1.030526979258826969e+02
-4.616423576660981354e+00 7.225734980457919221e+01
-2.797280821895504843e+01 4.440756289404486523e+01
-5.595950308855821120e+00 7.749671661659199629e+00
-2.776938975141267640e+00 9.481961449353029536e+00
-1.411055538164534440e+00 4.791747900214851086e+00
-1.899301278185530961e+00 5.697733374960264996e+00
-2.747543762452181113e+02 1.137395773702107391e+02
-7.249720899191878232e-01 6.897626947597153446e+00
-1.630667508644492614e+00 1.902346903822177637e+00
-6.349020415089885461e-01 2.788294582448266112e+00
-7.870774263096027568e-01 2.036379532714725826e+00
-5.717679671649242579e+01 1.366246772655447330e+02
-5.090600572634809140e-01 4.378250346734091636e-01
-7.650298735827689711e-01 8.191528230110094455e-01
-6.222314945591396196e-01 2.716152370428019935e-01
-6.078934920514758034e-01 3.692222562884523995e-01
-5.282767491043127706e-01 1.197747500795429687e-01
-4.687912222869608314e+01 1.580267774808313561e+02
-4.943752753331374095e-01 1.239573636424609049e-01
-5.954975825234442688e+00 2.941463094913672194e-01
-4.912336565297934499e-01 1.002593027672418202e-01
-4.953820246598361621e-01 8.368989573975227358e-02
-5.405697904546524768e-01 1.480249771499160261e-01
-2.075404368927859267e+01 1.503060799827327401e+02
-4.675795277713952203e-01 1.105267153614590825e-01
-4.606186163951893064e-01 1.415658052977164516e-01
-4.656540123933599062e-01 8.947736955383334134e-02
-4.702412171274072961e-01 8.319851732994720805e-02
-4.541753284091676335e-01 9.989264058512503652e-02
-4.601617011046030825e-01 5.785985817593086722e-02
-4.487254281913948262e-01 5.611966515428434832e-02
-4.650098740607795378e-01 5.356205469450969758e-02
-4.593975998892663171e-01 7.159139343738729622e-02
-4.857101789506437228e-01 4.949278848536664555e-02
-4.719811921854315528e-01 4.949284863795355704e-02
-4.662108450660458203e-01 7.407829810742327936e-02
-4.747034284238438318e-01 5.748211763594213153e-02
-5.954975825234442688e+00 4.491000284162112166e-01
-5.954975825234442688e+00 5.931929437186056475e-01
-4.776629443174762457e-01 4.411048625587454808e-02
-4.692373592999157239e-01 6.547986186629373151e-02
-4.752671880351648781e-01 7.399440743924401431e-02
-4.847548735228510708e-01 4.999460778554976059e-02
-4.962904725809291762e-01 3.940292427040503753e-02
-4.559480358226473129e-01 4.819046550383632166e-02
-4.525156088993487202e-01 6.301186590704332957e-02
-4.729527234989614470e-01 3.980638525217727874e-02
-4.906785274577458722e-01 4.455357197159059979e-02
-4.975535372685033764e-01 3.272377942221282865e-02
-4.487980133083162571e-01 4.650462137317390443e-02
-5.019507482008265242e-01 3.421546460160129755e-02
-4.657087062751212869e-01 4.565772715005778082e-02
-4.866701738430965207e-01 5.132666688666631671e-02
-4.897589681278784468e-01 3.894302643993796664e-02
-4.906436983498707605e-01 2.436625423035820859e-02
-4.778795173169338995e-01 4.054904805278169988e-02
-4.862775941204073860e-01 4.101095499683538037e-02
-4.721789298476277708e-01 3.275620978504889536e-02
-4.904468165229722842e-01 2.660682591167073952e-02
-5.179557842567970027e-01 2.877921054727039518e-02
-4.633885388602845268e-01 3.157688750133047506e-02
-5.954975825234442688e+00 4.196655508800404277e-01
-5.112595974479727801e-01 3.023801313690910320e-02
-4.966827353292231351e-01 2.423084825244359308e-02
-4.780809298922772399e-01 1.987857722031094454e-02
-4.886765023338668357e-01 2.189917411740793796e-02
-4.498683967617385093e-01 3.394076303231940983e-02
-4.570416340558143276e-01 2.475282639508691318e-02
-4.902311778755876759e-01 1.802198129502130541e-02
-4.881811578556884967e-01 2.587599273618934603e-02
-5.008521931273577366e-01 1.827829276433590167e-02
-5.225070811026437667e-01 1.919545932136657029e-02
-4.998328715229778396e-01 1.801660173268260223e-02
-4.652176807886192478e-01 1.966194942073684615e-02
-4.942371065570192457e-01 1.796805207922602676e-02
-4.862176239963087454e-01 2.179292830351187149e-02
-5.146533262204311399e-01 1.613211244412582346e-02
-4.751441819123929378e-01 2.043120457989289207e-02
-5.237009028908445885e-01 1.723090629425882980e-02
-5.107098700308387862e-01 1.735716814954457732e-02
-5.954975825234442688e+00 3.138868151582698829e-01
-4.957552594379492916e-01 1.348125350659756805e-02
-5.041242781187804667e-01 1.557350646194777255e-02
-4.900157548490504666e-01 1.506776856328428948e-02
-5.954975825234442688e+00 4.086056298435494227e-01
-4.930137562659737682e-01 1.604533404233166038e-02
-1.881673147807853752e+01 4.630861833497860403e+01
-4.726920964054457386e-01 1.675818754580404857e-02
-4.716470449107390550e-01 1.469958552286243503e-02
-5.269968341283899349e-01 2.130335949806294593e-02
-4.982722334051903346e-01 1.639048575830770460e-02
-5.177975937108190152e-01 1.451431587057072647e-02
-4.993537473339095811e-01 1.563162966641584717e-02
-5.954975825234442688e+00 4.613165258443245875e-01
-5.954975825234442688e+00 3.549570570282583049e-01
-5.072516554949544343e-01 1.244834323409804711e-02
-4.800549883708775667e-01 1.415297737960941049e-02
