-5.981143786580888744e+00 2.577763600384338361e+02
-1.750829951577816601e+01 2.742431516648479146e+02
-1.419354676635256283e+02 2.741595854115120119e+02
-3.648405832565742024e+00 4.230114648298496149e+00
-2.750248482958643770e+00 8.790371882278037674e+00
-2.649205607922628047e+00 3.790245536738211740e+00
-2.705966594018018867e+00 1.834678218117659299e+00
-3.078168238983926663e+00 1.502540213451993623e+00
-3.108031315172642195e+00 1.195639712645061081e+00
-2.429227334593837107e+00 6.612173475583915661e-01
-2.429360879283031238e+00 8.234624408354989100e-01
-3.050112103947759223e+00 4.230391024296977776e-01
-3.227968982380735596e+00 1.836214566049250152e-01
-3.073425662211079157e+00 2.572964561176149800e-01
-2.801878098549874352e+00 3.695677711106668539e-01
-1.847547017183030604e+00 1.283200391587939748e+00
-1.505949196217400754e+00 1.672252654560111296e+00
-2.029810581387516244e+00 2.891910839661591126e-01
-2.190465982594096417e+00 1.807264550994318597e-01
-1.978709668165887336e+00 2.728461030213793492e-01
-1.481997432954086591e+00 4.695291569439916657e-01
-1.349494283950024354e+00 6.719265740539981380e-01
-1.304737777102811691e+00 8.283811678184918037e-01
-5.954975825234442688e+00 1.905889656916424997e+02
-8.730715853342836397e-01 1.149753650572932884e+00
-2.626316885437652182e+00 1.695371331645816326e+01
-1.003884843215830713e+00 4.369007909572815151e-01
-8.133757107176116108e-01 1.869560987098566329e-01
-8.951227731515096764e-01 1.491614507931160460e-01
-9.454054026295661828e-01 1.751922044381331034e-01
-9.014663430150804402e-01 1.623076215981313908e-01
-9.685483111708279580e-01 1.503820024438482506e-01
-8.924248020586205143e-01 1.728278853292977146e-01
-8.542706975036900019e-01 1.058105691590469633e-01
-9.039433345871614733e-01 1.331510578090444596e-01
-8.930901911145383565e-01 1.001090266367441473e-01
-8.546573070312071252e-01 1.619476899159906225e-01
-9.390925856439817920e-01 8.170601525475262861e-02
-8.831913637684625229e-01 8.440341109940163733e-02
-7.830418854262557460e-01 8.425125837734981360e-02
-8.658569113864587052e-01 7.564702430855163584e-02
-7.955543015204842305e-01 9.757096447899016312e-02
-8.061130530279818629e-01 1.001140452335107511e-01
-8.443550490814857312e-01 8.339947464202168703e-02
-7.734981059670982262e-01 6.671092141505141626e-02
-8.421057427208058499e-01 7.447536734292725669e-02
-8.645550759677007591e-01 6.346549978505322542e-02
-5.954975825234442688e+00 1.963685208382834730e+02
-8.271819256072685533e-01 6.999489907121869692e-02
-6.072438644613953329e-01 7.677248737223862918e-02
-8.509813029277193408e-01 4.634879737349706375e-02
-8.140403346626321479e-01 4.925336385335299383e-02
-8.126254942389063984e-01 4.633702376844439641e-02
-8.055879759168700360e-01 6.180324980704199334e-02
-7.734553329306823599e-01 5.406622202485777962e-02
-7.727368329518622403e-01 5.983656447710927750e-02
-7.596143208986969597e-01 5.019393423523865749e-02
-7.809420003895226614e-01 3.704540448737247971e-02
-8.063103373303501797e-01 3.970142886967664708e-02
-8.092923677326258058e-01 3.431034800496490789e-02
-7.448247644181993365e-01 4.789488621935333867e-02
-7.764834681906371827e-01 4.192754171816659436e-02
-7.819379539977955318e-01 4.247072347070002252e-02
-7.582462329418628855e-01 3.361464301764272022e-02
-7.568152832262988738e-01 3.678157375603063883e-02
-8.165695791941391946e-01 2.867473033143141947e-02
-8.263027243879399464e-01 3.219443328919169289e-02
-7.311843374671269657e-01 4.265623882940872136e-02
-7.324920131277448121e-01 3.265761041049586311e-02
-7.253837053695786352e-01 2.628135093596029037e-02
-7.369501308405297380e-01 3.878964758371239441e-02
-8.088197669310073223e-01 3.231414646100461141e-02
-7.333099330415855377e-01 2.611795028184360490e-02
-7.081297246015072488e-01 3.570806906418511062e-02
-7.441028192634462357e-01 2.757029327963778087e-02
-7.141871277013969177e-01 3.439717537150954740e-02
-7.350259384427904052e-01 2.162600042899498476e-02
-6.894846045871183549e-01 3.171147241565108743e-02
-7.195696538028784062e-01 3.079046965564202765e-02
-6.693554698078223453e-01 3.656294501499246508e-02
-7.489558968032561381e-01 2.683386420144984186e-02
-6.888517890280567713e-01 3.310998788495567169e-02
-6.789665887335623040e-01 2.709706959336699583e-02
-7.048431430199535441e-01 3.258831812746620926e-02
-6.893609931834685511e-01 2.887078251234242998e-02
-7.046636934991425960e-01 2.978862966014617086e-02
-7.188454278248759266e-01 2.816301058410886071e-02
-7.133769775980791650e-01 2.731313188024842020e-02
-6.265052913845785554e-01 4.811518999642316885e-02
-7.140422961574941496e-01 2.613849079190799785e-02
-7.363749530513263863e-01 3.072339257565204207e-02
-8.097500838837703441e-01 2.301104262119224586e-02
-8.520138832502439641e-01 2.134337017221810129e-02
-8.352406093817776878e-01 1.949363704395068453e-02
-8.172287523508909857e-01 2.002383720883926799e-02
-4.717700701357827597e-01 1.887251544937953440e-01
-8.329697065238974574e-01 2.059830319052480263e-02
-8.495281619144279261e-01 2.236106359742962013e-02
-8.576729683721637798e-01 2.307812779059759123e-02
-8.207831150237545614e-01 1.716990794292883038e-02
