-1.458721908793955606e+02 2.757895757201822917e+01
-1.750829951577816601e+01 1.921964410009077540e+01
-5.954975825234442688e+00 8.963504966585895772e+01
-5.954975825234442688e+00 5.036138498817892639e+01
-5.954975825234442688e+00 6.146576650950822085e+01
-5.954975825234442688e+00 3.634304985701643176e+01
-5.954975825234442688e+00 3.423332303635580587e+01
-1.750829951577816601e+01 4.576261638853225833e+01
-5.954975825234442688e+00 2.437425555291645907e+01
-5.954975825234442688e+00 2.151288725079727726e+01
-5.954975825234442688e+00 2.012794560971548208e+01
-5.954975825234442688e+00 1.820135553105993154e+01
-1.750829951577816601e+01 4.084104962529062988e+01
-5.954975825234442688e+00 1.581439986646324769e+01
-5.954975825234442688e+00 1.493438418808922563e+01
-5.954975825234442688e+00 1.343070255263943835e+01
-5.954975825234442688e+00 1.365595508616228670e+01
-5.954975825234442688e+00 1.207385100259972432e+01
-5.954975825234442688e+00 1.125211239484386283e+01
-5.954975825234458675e+00 9.663647053316765323e+00
-5.954975825234442688e+00 1.082433315636900062e+01
-5.954975825234442688e+00 1.036927209643977221e+01
-5.954975825234442688e+00 9.340611512344466405e+00
-5.954975825234442688e+00 8.960099944358574930e+00
-5.954975825234442688e+00 7.897308012347636463e+00
-5.954975825234442688e+00 8.611434340542281518e+00
-5.954975825234442688e+00 7.129735807009332405e+00
-5.954975825234442688e+00 7.290895528927180180e+00
-5.954975825234442688e+00 6.580277215962176740e+00
-5.954975825234442688e+00 6.407145197044052054e+00
-5.954975825234442688e+00 6.413416865016550616e+00
-5.954975825234442688e+00 7.322610655823723391e+00
-5.954975825234442688e+00 6.592489111821052461e+00
-5.954975825234442688e+00 5.625235590322020585e+00
-6.989263256885979558e+01 1.559396039042580071e+02
-2.571649639228272832e+00 1.269474824820445775e+02
-2.757949462017624853e+01 2.489193351340584854e+02
-2.214920665731358440e+01 3.012645474265996199e+02
-3.357163219589099867e+01 3.223585931591180724e+02
-1.855922126695433150e+01 1.572734550827398152e+02
-1.519900075658302718e+01 1.756708170885239895e+02
-9.404400413395609348e+01 3.615643682798660166e+02
-8.217304066406452279e-01 1.256426982714569363e+01
-3.598050311327469331e+00 2.396959630189954851e+02
-1.090205629674031655e+02 3.419746404957359118e+02
-4.659174043543092836e-01 1.427377884656635842e+00
-5.045516759474359958e-01 3.200340360211981761e+00
-4.935446995839107842e-01 7.684535849044209499e-01
-4.983959994886557610e-01 4.941318471144882096e-01
-4.588881034496701261e-01 4.305299312297847791e-01
-4.506301982153910757e-01 2.679091563353779293e-01
-4.716150671945129602e-01 2.710612463816630680e-01
-5.182916899032967706e-01 2.265414846120279435e-01
-2.014883890359620011e+00 2.422885014658504588e-01
-5.164656335092985273e-01 1.595320877373467283e-01
-3.412781730055473872e+01 2.232531668406866174e+02
-5.090913946201069962e-01 1.673510914754672285e-01
-5.169085558008781334e-01 1.272727347441389156e-01
-1.995656256615873758e+00 1.681838480290309690e-01
-2.045783482590456615e+00 1.282175369237279483e-01
-5.352472679597912730e-01 9.617562638121057716e-02
-1.975050374336467129e+00 3.076150534256782976e-01
-5.176737611922916926e-01 1.096416273580302914e-01
-2.067878363010721365e+00 1.150715818276069058e-01
-5.782553888979968804e-01 1.045162328367439386e-01
-5.385502805104298574e-01 7.797904687990353523e-02
-5.123096529209174577e-01 6.422882125195883418e-02
-5.191051036110660988e-01 5.412596985746631617e-02
-9.879011005507297227e+01 3.831135464609295127e+02
-1.963383039435889543e+00 1.365775158974997794e-01
-5.074643029214538359e-01 5.740743921461444188e-02
-5.190681434143353812e-01 5.866392628036010137e-02
-5.423292293505035389e-01 5.557286379388415298e-02
-1.950043786873276730e+00 1.516839029621905865e-01
-5.204038832191439923e-01 4.693384611820761165e-02
-1.981956122092107364e+00 7.552947829609024666e-02
-4.883458404020029064e-01 4.757999903003451436e-02
-4.859733603272360369e-01 5.456800432926911526e-02
-1.973368238790241591e+00 7.173946293693234111e-02
-3.428617233182892932e+01 1.695734334870693374e+02
-1.990330807707552552e+00 6.008902654369308038e-02
-5.194348712820850977e-01 4.662549860373133015e-02
-5.464503733967323029e-01 4.547959626188458060e-02
-5.009034228250808241e-01 4.290173204762481873e-02
-2.027630686949983385e+00 5.861444825958983529e-02
-5.146832183021974316e-01 3.461781890783299787e-02
-5.030939281388793205e-01 3.998259957890581973e-02
-5.239601180258972590e-01 4.493588728124109366e-02
-5.133506454071685710e-01 4.403132743320270492e-02
-4.917850155736989137e-01 4.275730879015782193e-02
-5.199619517933768975e-01 3.354691644611307311e-02
-5.136074597568889288e-01 3.378566798033943996e-02
-5.117452811156155690e-01 3.489392720479145282e-02
-5.241801774599252894e-01 3.071654585963301543e-02
-1.990418140872137087e+00 5.535461293629850843e-02
-5.003299496420723358e-01 4.236431002655649536e-02
-5.209458065469672050e-01 2.363612873864440189e-02
-5.093879401661318695e-01 2.589014859771054944e-02
-3.204743025855382399e+00 2.605381957402720445e+02
-5.054869677845417186e-01 3.136141222213950641e-02
