-1.750829951577816601e+01 1.401860319316848091e+01
-1.750829951577816601e+01 1.363592828664181589e+01
-1.750829951577816601e+01 1.191836139023678953e+01
-1.750829951577815180e+01 9.861043004058128503e+00
-1.750829951577816601e+01 9.333797193252163282e+00
-1.750829951577816601e+01 7.918197818229847584e+00
-1.750829951577816601e+01 7.650256205400543408e+00
-1.750829951577816601e+01 5.549691094107281231e+00
-1.750829951577816601e+01 5.520050467673236483e+00
-1.750829951577819088e+01 4.754795478539328712e+00
-1.750829951577816601e+01 5.157597980214234212e+00
-1.750829951577816601e+01 4.368641769031610167e+00
-5.954975825234442688e+00 2.584814443273022988e+01
-1.750829951577816601e+01 3.901569357687371564e+00
-1.750829951577816601e+01 3.944961899465056376e+00
-1.750829951577816601e+01 3.445901805851264044e+00
-1.750829951577816601e+01 3.457611947656946683e+00
-1.750829951577816601e+01 3.285786092800883296e+00
-1.750829951577816601e+01 2.768739721617986760e+00
-1.750829951577816601e+01 2.368004050395651205e+00
-1.750829951577816601e+01 2.888396574850728982e+00
-5.954975825234442688e+00 4.088823723409784350e+01
-1.750829951577816601e+01 2.554787086061502066e+00
-1.750829951577816601e+01 2.208014921119055174e+00
-1.750829951577816601e+01 1.996999941980194038e+00
-1.750829951577816601e+01 2.196806948442290519e+00
-1.750829951577816601e+01 1.990796409561081504e+00
-1.750829951577816601e+01 2.159837738762343307e+00
-5.954975825234442688e+00 4.606812062891910386e+01
-1.750829951577816601e+01 1.675066627670261710e+00
-5.954975825234442688e+00 7.108856654083177773e+01
-5.954975825234442688e+00 9.320388352869690607e+01
-5.954975825234442688e+00 9.162749887523587233e+01
-1.458721908793955606e+02 8.915982271818482729e+01
-3.112701312911320350e+00 8.580356204333557457e+01
-2.812107231416959507e+00 7.453569829596060003e+01
-2.106419730805711765e+00 7.742993797637089415e+01
-2.047040133324173006e+00 2.200864897918750174e+01
-1.227614555111914996e+01 7.372900226631485054e+01
-9.593312672047904499e-01 7.214660205162660489e+00
-5.662915446444483081e-01 1.517963011424281916e+01
-2.313578852797082419e+00 4.617265079690456631e+00
-2.310830041735203899e+00 4.634024787877583762e+00
-2.310438517346248055e+00 4.040241141266049496e+00
-6.149598497456363333e-01 3.314820319877430421e+00
-2.162778198042621725e+00 3.173591751500902447e+00
-1.454682334143818423e+00 3.100444576606143698e+00
-1.382356721373943387e+00 2.986604578436448776e+00
-1.193451295546310575e+00 2.556364027055931132e+00
-1.445585943966241516e+00 2.037782784189307250e+00
-2.434871894548428450e+00 2.816214607398453751e+00
-1.539254382896334761e+00 2.047368331676079123e+00
-2.099191817111806024e+00 2.401489412452171734e+00
-2.064580700417667281e+00 1.937364745853200176e+00
-1.360197297430529417e+00 1.619091642430674938e+00
-2.179641338319043165e+00 1.973498765312847070e+00
-1.358542800033742282e+00 1.437248203775357780e+00
-3.735879858538244669e+00 9.079620565413264899e+01
-1.099488119916282081e+01 1.059437337491459488e+02
-1.458721908793955606e+02 1.534023776219435149e+02
-2.375640570426054410e+01 1.988094218098304111e+02
-1.532924783402480955e+02 2.010735376538575565e+02
-8.406376789631835322e-01 1.370891755111784960e-01
-1.454081705417252124e+00 5.112600161953551492e+00
-8.183109833166088976e-01 1.150290952066654881e-01
-7.186022634193793834e-01 1.806731579516309694e-01
-8.837612216646206775e-01 1.377830230291579028e-01
-7.746388926164549105e-01 1.234088334981464641e-01
-8.749095348023558927e-01 1.009276819344506748e-01
-7.941390073572289765e-01 9.791210240163650269e-02
-8.438681425139407111e-01 1.360981079991177012e-01
-1.197560493691037564e+00 1.734190315591163767e+00
-8.551637999031935777e-01 9.901722340700302993e-02
-3.439640217294736679e+00 2.074784763721041259e+00
-7.089437499053428127e-01 9.462135682852590435e-02
-8.127006634294318133e-01 6.515533669335127342e-02
-8.721499985716185677e-01 7.118049188400732419e-02
-8.791305452950002319e-01 1.492309466004684282e-01
-3.930880195350201944e+00 2.016969958651647232e+01
-8.357217388581190676e-01 6.790970864383893968e-02
-8.312918416737105076e-01 4.876871853181796723e-02
-1.830905961397743624e+02 2.360614435237671387e+02
-7.002065412699618463e-01 6.237169079234661240e-02
-7.475693989386265059e-01 6.243860313780658089e-02
-1.513691608386501741e+00 2.576308473108497310e-01
-7.473247414058388216e-01 4.584275260111780881e-02
-8.519318911868012378e-01 5.923616027511968696e-02
-7.899684938320010730e-01 4.453993625438101844e-02
-7.429194322492662650e-01 4.116032175518569147e-02
-1.712445289807524418e+00 3.500136268630882341e-01
-7.572724973831999051e-01 4.172273000173731816e-02
-2.431810836953581578e+00 6.843411772513832148e-01
-1.864289717284872694e+00 5.836772679809740794e-01
-3.720720703261890527e+00 4.029580670865172465e+00
-7.111770418541336625e-01 4.152610878816176410e-02
-1.355696785317837438e+00 2.038103233397805525e-01
-8.145090365038427649e-01 3.832808916565966229e-02
-7.917371369512569146e-01 3.333027327911963766e-02
-6.840375584208988613e-01 4.807633309573589031e-02
-7.526326915688290597e-01 3.237531496208134740e-02
