-5.904447800358397558e+00 2.976316370678418934e+02
-5.954975825234442688e+00 2.993547803993284973e+01
-1.750829951577816601e+01 2.801523668645672416e+01
-1.750829951577816601e+01 2.486481243368779204e+01
-1.750829951577816601e+01 3.192151111435660837e+01
-5.954975825234442688e+00 1.674324840927321816e+02
-1.505185031557410724e+01 8.614678152925770860e+01
-2.567532564421606267e+00 1.872571849246672571e+02
-1.427669516362432134e+01 3.065188298974950385e+02
-5.954975825234442688e+00 3.353880033938509087e+00
-5.954975825234442688e+00 5.547205949213775966e-01
-5.954975825234442688e+00 2.682469788259140842e-01
-5.954975825234442688e+00 3.768447050684926580e-01
-5.954975825234442688e+00 3.921427709681779561e-01
-5.954975825234442688e+00 5.990200717075424564e-01
-5.954975825234442688e+00 4.924372620099290998e-01
-5.954975825234442688e+00 4.360972319026643618e-01
-5.954975825234442688e+00 2.160767457933729929e-01
-5.954975825234442688e+00 1.340018183000211138e-01
-5.954975825234442688e+00 2.386231050065532600e-01
-5.954975825234442688e+00 1.251140197824156530e-01
-5.954975825234442688e+00 1.305786958704686640e-01
-5.954975825234442688e+00 6.529973037106628908e-02
-5.954975825234442688e+00 5.625094973072464200e-02
-7.960276484981860357e+00 1.053901619330702033e+00
-5.954975825234442688e+00 7.829087448845939434e-02
-5.954975825234442688e+00 8.151958787408375429e-02
-5.954975825234442688e+00 5.844340165623407302e-02
-5.954975825234442688e+00 4.484874566358598713e-02
-5.954975825234442688e+00 5.422391911250201701e-02
-5.954975825234442688e+00 5.446914580159045727e-02
-5.954975825234442688e+00 5.555835805427022933e-02
-5.954975825234442688e+00 4.193597105228263899e-02
-5.954975825234442688e+00 5.840058551532933961e-02
-5.954975825234442688e+00 4.705456294198029354e-02
-5.954975825234442688e+00 4.014162528338260927e-02
-5.954975825234442688e+00 3.818519157766786520e-02
-5.954975825234442688e+00 3.118244328851460523e-02
-5.954975825234442688e+00 2.390891708742515220e-02
-5.954975825234442688e+00 3.201629946224215928e-02
-5.954975825234442688e+00 2.257367088554929069e-02
-5.954975825234442688e+00 2.217003089970148721e-02
-5.954975825234442688e+00 2.691485189598097350e-02
-5.954975825234442688e+00 3.722147095302830166e-02
-5.954975825234442688e+00 2.613426063172141767e-02
-5.954975825234442688e+00 2.936994197222020375e-02
-5.954975825234442688e+00 3.624756999221290243e-02
-5.954975825234442688e+00 2.704891068648862529e-02
-5.954975825234442688e+00 2.929857841448324507e-02
-5.954975825234442688e+00 1.902465278283216321e-02
-5.954975825234442688e+00 2.414998394993972397e-02
-5.954975825234442688e+00 2.266441834427723734e-02
-5.954975825234442688e+00 2.291716240125651893e-02
-5.954975825234442688e+00 1.742567425679908411e-02
-5.954975825234442688e+00 2.337414152233918685e-02
-5.954975825234442688e+00 2.073915793098990434e-02
-5.954975825234442688e+00 2.758107880222837593e-02
-5.954975825234442688e+00 2.127157134060553290e-02
-5.954975825234442688e+00 1.880758500703905156e-02
-5.954975825234442688e+00 2.466809688431226277e-02
-5.954975825234442688e+00 1.719706914451535340e-02
-5.954975825234442688e+00 1.913987332378042083e-02
-5.954975825234442688e+00 1.814259016163077831e-02
-5.954975825234442688e+00 1.842849773913712852e-02
-5.954975825234442688e+00 1.981916794542826210e-02
-5.954975825234442688e+00 1.894712842536705466e-02
-5.954975825234442688e+00 1.694473077716907028e-02
-5.954975825234442688e+00 1.612532062193849924e-02
-5.954975825234442688e+00 1.821482435914845155e-02
-5.954975825234442688e+00 1.743454006665956513e-02
-5.954975825234442688e+00 1.574221307012635407e-02
-5.954975825234442688e+00 1.835569038493645166e-02
-5.954975825234442688e+00 1.679346981515550397e-02
-5.954975825234442688e+00 1.673632383278800262e-02
-5.954975825234442688e+00 1.417149870394496247e-02
-5.954975825234442688e+00 1.459484269042832238e-02
-5.954975825234442688e+00 1.859689427186594912e-02
-5.954975825234442688e+00 1.754685302665848212e-02
-5.954975825234442688e+00 1.405099812063781428e-02
-5.954975825234442688e+00 1.498044850487190160e-02
-5.954975825234442688e+00 1.495769022790227609e-02
-5.954975825234442688e+00 1.569958947257532600e-02
-5.954975825234442688e+00 1.601763720742610531e-02
-5.954975825234442688e+00 1.478429989560936519e-02
-5.954975825234442688e+00 1.228209334772145667e-02
-7.365574597226578035e+00 3.539465526390586092e-01
-5.954975825234442688e+00 1.286398679619082941e-02
-5.954975825234442688e+00 1.558954683972046951e-02
-5.954975825234442688e+00 1.109483994625293235e-02
-5.954975825234442688e+00 1.300678997031923245e-02
-5.954975825234442688e+00 1.158149015034837248e-02
-5.954975825234442688e+00 1.159541165651489791e-02
-5.954975825234442688e+00 1.119347999153319506e-02
-5.954975825234442688e+00 1.527792770667701916e-02
-5.954975825234442688e+00 1.378806783918662404e-02
-5.954975825234442688e+00 1.006812882349095162e-02
-5.954975825234442688e+00 1.225296837739620059e-02
-5.954975825234442688e+00 1.466898622803114449e-02
-5.954975825234442688e+00 1.174711607814060699e-02
-5.954975825234442688e+00 1.083735893789139482e-02
