-1.458721908793955606e+02 3.573561591666491921e+01
-1.458721908793955606e+02 3.078697491118730767e+01
-1.458721908793955606e+02 2.582035173575006226e+01
-5.954975825234442688e+00 3.322146888887752425e+01
-5.954975825234442688e+00 5.431521589220867696e+01
-1.750829951577816601e+01 3.251454390647700734e+02
-1.952138742218336276e+00 2.887009765323853117e+02
-2.042996061072555491e+00 4.967686436706600261e+00
-1.911553183721991900e+00 5.134133571306904287e+00
-5.659421933659166015e+00 2.550721201828987148e+02
-1.278638469519841792e+01 6.721527658568018637e+01
-7.204115547426512833e+00 7.890648717747268392e+00
-7.127729767637459801e+00 7.096573617919148091e+00
-2.223459831835029377e+00 4.529047915982573613e-01
-2.068618824356436292e+00 3.875874474419731541e-01
-2.031870269077983515e+00 5.945529713775101754e-01
-1.854979202834005747e+00 1.830253930529579520e-01
-1.890757888966481559e+00 1.684343403092327662e-01
-1.889155333214871391e+00 2.660106907225952000e-01
-1.911395627619629778e+00 3.177077035383319981e-01
-1.907378146326733415e+00 1.255413008796324448e-01
-1.880394550461682357e+00 1.447546607165008936e-01
-1.909457784330333752e+00 1.569966921951220229e-01
-1.864587756731639345e+00 1.129468798979758049e-01
-1.862060097887415111e+00 1.152490667470544849e-01
-1.877894248392419030e+00 6.837042514865743215e-02
-1.871180130559006116e+00 5.906844247604681186e-02
-1.855553443527719892e+00 7.179193214437873394e-02
-1.853461786432564651e+00 5.431874161999417083e-02
-1.939941859187669593e+00 1.053971505379820428e-01
-5.954975825234442688e+00 2.322223050759077978e-01
-1.891797180820866231e+00 7.890404262823835779e-02
-1.868803339935181995e+00 5.263867443517256106e-02
-1.865352045205668219e+00 4.498681738260756902e-02
-1.861643562527866891e+00 4.722581747819276643e-02
-1.907532436170127355e+00 6.293443479918892081e-02
-1.881533990817800372e+00 6.113907871741730560e-02
-5.954975825234442688e+00 3.710907146552528957e-01
-1.852453300478511977e+00 6.091357526875640360e-02
-1.874694449877116753e+00 6.358307125577766783e-02
-5.954975825234442688e+00 2.495457576721946680e-01
-3.706006540792688320e+00 1.295166352715952485e+01
-1.868031033037667044e+00 3.620403044652675817e-02
-1.927552286830813699e+00 4.453276290144003724e-02
-1.904461084850883168e+00 3.797951945136901486e-02
-1.874663630104368650e+00 3.917868919037914566e-02
-1.895182350972060448e+00 4.052609469539447673e-02
-1.936946291771382889e+00 4.139579589798358938e-02
-1.883551942281641800e+00 2.345619552258426666e-02
-1.870093530554891359e+00 4.391887049163756274e-02
-1.922190013246583007e+00 3.975161725472275975e-02
-1.892177023172219918e+00 3.604512997236497540e-02
-1.868968501605785093e+00 2.815768521125505686e-02
-1.874743096935944209e+00 2.526861245905820397e-02
-1.893603133596384325e+00 2.467603870303491931e-02
-1.913059078755477316e+00 2.877429712694379305e-02
-1.865682747956951104e+00 2.338884360676729557e-02
-1.883971576025565753e+00 2.708798533095091443e-02
-1.880287448320258292e+00 2.453345665341544191e-02
-1.862247343677536193e+00 1.967061714785245385e-02
-1.875081790373439361e+00 1.953598177945536918e-02
-1.876559973103296031e+00 2.249646737573129940e-02
-1.867868080328213054e+00 2.099942245865804580e-02
-1.860040684251389465e+00 1.899533963839417083e-02
-1.870684117441715699e+00 1.903623915922025844e-02
-1.854773337277961787e+00 1.968720567916193431e-02
-1.859245096593662439e+00 1.834762377214360640e-02
-1.863038877510815539e+00 2.233686001025603218e-02
-4.245873365326396254e+00 8.855277924120940725e+00
-1.891508921497214502e+00 1.857824068906666071e-02
-1.896079033713901296e+00 1.592556135778977477e-02
-1.875251659906741253e+00 1.610994377418251133e-02
-1.857976211504023922e+00 2.035395177910004350e-02
-1.849966740465927018e+00 2.266889800844751335e-02
-1.860772508655328394e+00 2.053552132230151983e-02
-1.861795128760611817e+00 1.880453274856108692e-02
-1.851413834159416183e+00 2.121064848773812628e-02
-5.954975825234442688e+00 2.267023556588867450e-01
-5.954975825234442688e+00 1.820467993868248868e-01
-5.954975825234442688e+00 2.756241393289542430e-01
-1.852494716286631871e+00 1.555655809804079581e-02
-1.858301833678725146e+00 1.235714049312264251e-02
-1.856863352743330253e+00 1.345098279082890258e-02
-5.954975825234442688e+00 1.655920745349135359e-01
-1.854712773156050432e+00 1.591080985409121240e-02
-1.856793331786096957e+00 1.218353090490609247e-02
-5.954975825234442688e+00 1.789752514859799248e-01
-1.859113613872111159e+00 1.435810572772311389e-02
-4.621254028444268869e+01 2.685994336788317014e+02
-1.854275591536888257e+00 1.446336756723098915e-02
-1.850082334526335970e+00 1.719191300270495049e-02
-1.859002556937358719e+00 1.297493757598999764e-02
-1.858403208037680443e+00 1.427657412449434560e-02
-1.853641332397977237e+00 1.549718986890979977e-02
-1.860220325132598163e+00 1.364727987620995009e-02
-1.855805914476359675e+00 1.553351551217474480e-02
-1.863511528223481761e+00 1.165424771949119531e-02
-1.851227191262461602e+00 1.327131266339165450e-02
-1.858583659693980650e+00 1.277128899943136275e-02
-1.852019654372849544e+00 1.306653398344792549e-02
