-1.458721908793955606e+02 6.630407588584920120e+01
-1.750829951577816601e+01 6.877623236922154604e+01
-3.255535928855534777e+00 2.557246659888062013e+01
-5.954975825234442688e+00 2.723443072801313747e+01
-1.779677024756221115e+01 4.520541816926851197e+01
-5.954975825234442688e+00 1.057141935893748297e+01
-2.198259519255297789e+01 5.239970672703012156e+01
-5.954975825234442688e+00 8.593453813484487114e+00
-5.954975825234442688e+00 1.109051201120813346e+01
-5.954975825234442688e+00 5.703837556411180287e+00
-5.954975825234442688e+00 3.697517706566323170e+00
-5.954975825234442688e+00 3.581560326565323749e+00
-2.810685304643465443e+00 2.494744721090614092e+01
-1.084711940653550144e+00 9.315395606125463246e+01
-1.247082722229306384e+00 1.225050349599601702e+02
-5.954975825234442688e+00 6.933331003629447764e+00
-5.954975825234442688e+00 7.367286153308967300e+00
-5.954975825234442688e+00 7.647624373359121819e+00
-5.954975825234442688e+00 5.616000343574157228e+00
-5.954975825234442688e+00 5.843980976965379881e+00
-5.954975825234442688e+00 5.997226258210751837e+00
-5.954975825234442688e+00 4.657067999679568970e+00
-5.954975825234442688e+00 4.972106608325027821e+00
-5.954975825234442688e+00 4.518506393063475457e+00
-5.954975825234442688e+00 2.359307955927832268e+00
-1.077045042536671104e+00 2.782513446967783466e+00
-3.851859505819649421e+00 3.942675461222464151e+00
-4.610320146930861007e+00 3.412882147672192445e+00
-8.392912388762958642e-01 6.664898143983037926e-01
-4.806950985258602316e-01 6.838567364481207278e-01
-6.804823059244249350e-01 2.327682718144359342e-01
-6.979420478612663459e-01 2.590971601647282796e-01
-6.624118052980616511e-01 1.897061344142656480e-01
-6.899255899743454989e-01 2.519744209464676032e-01
-7.861382710167816867e-01 2.319507411527013119e-01
-6.767633706735409760e-01 2.306363764013781292e-01
-8.219484464068571583e-01 3.980070640436110807e-01
-6.330726503227239732e-01 1.299934347089930498e-01
-5.954975825234442688e+00 7.968574878955791974e-02
-5.910756596691779663e-01 8.076162949636511712e-02
-5.191026636709015207e-01 9.107499291317822099e-02
-6.245922202656686295e-01 9.368482914285891638e-02
-4.814884048382737092e-01 8.485971705022166134e-02
-5.891224927463785122e-01 7.602181271332142387e-02
-5.990073912690867530e-01 1.034648393344355100e-01
-6.291617866658842928e-01 8.023375595062987031e-02
-5.120782351551600442e-01 4.440029080767260439e-02
-4.954909329883570024e-01 9.782973972583874911e-02
-5.698027737483624122e-01 6.918573918036940995e-02
-4.472543303587901420e-01 7.909885998294896581e-02
-5.815658506615921652e-01 5.332761335247937495e-02
-5.615583124564587081e-01 4.252031650139542762e-02
-4.734308850526716128e-01 6.174367165868943630e-02
-5.437471925010814999e-01 5.217073082441459064e-02
-6.147565594466506411e-01 9.491633303983348924e-02
-6.181514968914214592e-01 5.051728758986939738e-02
-4.813138674177306342e-01 7.641624940750091355e-02
-6.735560573722363387e-01 8.337536843728798885e-02
-7.301150504981883671e-01 8.469601994676168033e-02
-7.261638588269292427e-01 6.766650877635527195e-02
-6.550632756044834082e-01 7.304083425295004872e-02
-6.407905408039873407e-01 3.040896833709894054e-02
-5.954975825234442688e+00 5.299135879387506520e-02
-6.689350426951374828e-01 4.535041763787717173e-02
-5.954975825234442688e+00 5.732621980006058493e-02
-6.834518532509274991e-01 4.512203109844392657e-02
-6.220258782017538124e-01 1.124435234908389702e-01
-6.892933858173311279e-01 3.480535187694044907e-02
-5.588570389169884578e-01 5.457711176941870690e-02
-5.138343191724530357e-01 6.136627135295213975e-02
-6.023146014037958906e-01 6.631183991144951051e-02
-6.819093820211605816e-01 5.475878378327081464e-02
-7.177279279117403377e-01 6.713928826657422633e-02
-7.144222978125860379e-01 1.252016628141490173e-01
-7.969125200651809848e-01 8.974936163681945800e-02
-7.112594899547719507e-01 3.741491600021618069e-02
-6.787283267725445768e-01 4.619836428238954795e-02
-7.299257498746865025e-01 4.325480768370937312e-02
-5.954975825234442688e+00 3.302222700922641252e-02
-7.063271817410843312e-01 5.572490277130270897e-02
-7.534394843881955239e-01 1.244923938033792865e-01
-5.954975825234442688e+00 4.166244694799559056e-02
-7.298719294959798987e-01 3.327739428156917256e-02
-6.346492945533093177e-01 3.845628082717666985e-02
-6.603536580339444129e-01 2.920523668854002608e-02
-5.799125081540736915e-01 3.213710599152364011e-02
-7.111270767957567074e-01 3.983108114007904987e-02
-6.545843931296708718e-01 2.467121259486759755e-02
-7.080034049986956290e-01 2.609802195766519617e-02
-6.733042757830070002e-01 2.745347834958522526e-02
-4.731668797622994305e-01 3.676516980988253636e-02
-6.450410995863293806e-01 2.248326368864184133e-02
-5.954975825234442688e+00 3.818487703435380354e-02
-5.741745396963047199e-01 3.151817237281306916e-02
-5.734145747055023890e-01 2.061405360612411641e-02
-6.824953974466314577e-01 2.526747233780213264e-02
-6.928312901232533960e-01 2.006816816351886246e-02
-6.773157178692965630e-01 2.098924066241636410e-02
-6.963105531646895940e-01 2.120535892274233447e-02
-5.954975825234442688e+00 4.234972387538959993e-02
