-1.750829951577816601e+01 1.720171137195623032e+02
-4.475725313203525957e+00 1.745411628013020788e+02
-8.159995290778923049e+00 1.365699464326382326e+02
-7.456994376684066950e+00 1.007534236559173877e+02
-5.475567478741805161e-01 1.325133798153771636e+00
-1.629131362302763009e+00 1.112772476437100977e+00
-1.137094902834581589e+00 5.775733182565971902e-01
-1.813491628878788120e+00 2.695281336501646763e+01
-1.019027974016033511e+00 3.559514448259051278e-01
-9.351099095967452257e-01 1.659130279080898163e-01
-9.517574074301755616e-01 2.172149710395245847e-01
-8.359854574352816314e-01 1.139591308397598368e-01
-8.277070705678948315e-01 1.135659276072829016e-01
-1.024672831881984436e+00 2.229871709329103169e-01
-9.933362538848076184e-01 1.294061137842561493e-01
-5.954975825234442688e+00 8.170228552241951547e-01
-8.837418577433986400e-01 6.661980679911039260e-02
-8.813896747168605827e-01 6.146819300460037994e-02
-8.970304672235531740e-01 5.920653480936266533e-02
-8.621872323833770224e-01 6.782446440908529439e-02
-9.833343501153688493e-01 1.000379422910384619e-01
-9.036783346584869037e-01 7.811970324671335675e-02
-8.832696638556107871e-01 5.496215554126138159e-02
-7.546978453028838629e-01 1.151398437766744109e-01
-7.932990625582565514e-01 3.381657931188897237e-02
-4.249026127205652870e-01 1.316143445941960977e+00
-9.261128335179282800e-01 8.680216034944976400e-02
-6.124104239485728129e-01 1.481839937254108008e-01
-7.235250279818838948e-01 4.137775320788250610e-02
-6.013889990202976321e-01 9.155657742910250363e-02
-7.267383571571901513e-01 4.122160141710651260e-02
-8.459893631450814411e-01 5.508267977761249767e-02
-8.445091514283635803e-01 5.390457904898937613e-02
-4.564295790470822567e-01 7.181812687080224578e-01
-6.791844988553012996e-01 6.782510505277627999e-02
-8.156876189891839601e-01 2.436203631934574787e-02
-8.699657825878404083e-01 3.894884208439464146e-02
-5.405200569406378719e-01 1.467333069465723838e-01
-9.991249412033660349e-01 5.837232085397658921e-02
-8.696174132959431091e-01 2.318754316472393384e-02
-8.755230273493666004e-01 2.803750181975317446e-02
-8.511719519400458012e-01 2.582822278624519186e-02
-7.472118202391637709e-01 3.464230902167741988e-02
-8.473536003565609320e-01 2.731142693268395760e-02
-7.726502299012665276e-01 2.119196720245497545e-02
-8.157459093269991968e-01 2.479911862420181023e-02
-8.092070650521261399e-01 2.878112534544641221e-02
-8.049283495864418825e-01 1.918523613417733031e-02
-7.620493142291309141e-01 2.784599559960554416e-02
-8.459444305327288305e-01 2.202512810484336114e-02
-8.144806902273415972e-01 2.045455470266688280e-02
-8.203358166348646563e-01 2.157827079921048608e-02
-8.116473131480166359e-01 2.490905631042039658e-02
-7.788431923300453974e-01 2.681802589492576772e-02
-8.053435298052882274e-01 2.002405227190706682e-02
-7.926451259370708158e-01 2.598599892188246940e-02
-7.890994075907844518e-01 1.907435520807609919e-02
-7.848251136485906443e-01 1.835710215652852639e-02
-8.102612357165082102e-01 2.272993893470243165e-02
-7.935580045801327032e-01 1.784514728701935837e-02
-7.956532454582081471e-01 1.762272190377700554e-02
-8.012457495351483772e-01 1.950267783151105050e-02
-8.479857025050154817e-01 2.506642737638742346e-02
-8.017419546257329444e-01 1.978462340753139870e-02
-8.172096183745871656e-01 1.685236357219821457e-02
-8.333367594672065337e-01 2.157186769433394602e-02
-8.580093588227413193e-01 2.118919905126404046e-02
-8.290360949664243861e-01 1.659750526599168552e-02
-7.765235602784166247e-01 1.740664450400686292e-02
-8.104793347419523286e-01 1.433521888579036840e-02
-8.105246635196454719e-01 1.704501000041602765e-02
-7.557955108467790950e-01 2.440250866254700668e-02
-7.694169048689136758e-01 1.973354823715567363e-02
-8.063738898963723756e-01 1.482192589901387691e-02
-8.177185761118241913e-01 1.713370877922670843e-02
-8.014909973065691418e-01 1.660976455167428867e-02
-8.040170430886828257e-01 1.543963662138025938e-02
-8.040463417874423868e-01 1.196895730043934236e-02
-8.335900035961412158e-01 1.352656117994399665e-02
-8.181521875432018476e-01 1.381167096515412140e-02
-8.150099771731529330e-01 1.219350389735041063e-02
-7.738013961289826881e-01 1.465247818076420572e-02
-8.277829816293653664e-01 1.311667975262764685e-02
-8.109752869659843100e-01 1.012687518684174393e-02
-8.463968514470945337e-01 1.665091960143172400e-02
-8.331889767039406536e-01 1.080670040653330943e-02
-5.954975825234442688e+00 1.153808893339345332e-01
-8.393525919042676975e-01 1.120829605078199620e-02
-8.015167690401536760e-01 1.215602978010110746e-02
-8.388650821790335499e-01 1.200580029548348193e-02
-8.051870175438757826e-01 1.265142013670583765e-02
-7.972661425986498074e-01 1.233387945531205787e-02
-8.405475832409781134e-01 1.051745836855388916e-02
-8.553566423564600285e-01 1.042557430146473507e-02
-8.574137255770839516e-01 1.450647610647592956e-02
-8.428289254631771144e-01 2.236328813449972586e-02
-8.685648707882318575e-01 1.207372407621676302e-02
-8.518149794765328409e-01 1.067882113437690350e-02
-8.749771096003335913e-01 1.268553511283698754e-02
-8.336794865025325407e-01 1.049228296336934818e-02
