-5.954975825234442688e+00 1.143917780220379399e+01
-5.954975825234442688e+00 6.092665115024505695e+00
-5.954975825234442688e+00 5.688013575827049806e+00
-5.954975825234442688e+00 4.201595261385655533e+00
-5.954975825234442688e+00 3.663659452308021258e+00
-5.954975825234442688e+00 2.825940673976910844e+00
-5.954975825234442688e+00 2.438864082041547476e+00
-5.954975825234442688e+00 4.641751191994238468e+00
-5.954975825234442688e+00 1.520515554395132085e-01
-5.954975825234442688e+00 9.171171530455524135e-02
-5.954975825234442688e+00 2.253915095048881767e-01
-2.264497684715657755e+01 2.382961725533693453e+01
-3.884735077268033798e+00 1.195481196095595777e+02
-4.918080257641395292e+01 9.311890692142893045e+01
-9.860364999679820386e-01 5.396950494234999951e+00
-4.736332188425694589e+00 8.353815389544746495e+01
-3.109720946348481618e+00 5.364390681633878444e+00
-2.747543762452181113e+02 1.059562429803149541e+02
-2.787294432448235604e+00 4.488901281405844657e+00
-5.954975825234442688e+00 1.420022642599668927e+00
-5.954975825234442688e+00 1.194697861214642387e+00
-2.533913891283128805e+01 1.678399178826622347e+02
-1.779133641711144520e+00 3.600294446199399090e-01
-1.011757727176403776e+00 4.686022334237378573e-01
-1.192794556745003121e+00 4.608842610793004724e-01
-1.187606140710460778e+00 3.426343499002229009e-01
-8.619176157837112839e+01 1.772050756987432010e+02
-8.543338966847571214e-01 3.949961887818744799e-01
-8.765862635393180113e-01 2.291138175011440126e-01
-7.418283561272378535e-01 1.587902008913033569e-01
-7.171998236817866967e-01 1.311489964070915448e-01
-6.396953904017159687e-01 1.675801126104659033e-01
-7.501591725400906796e-01 2.420850339059370526e-01
-6.837470013215405373e-01 1.630355559779559371e-01
-6.737990299194027699e-01 2.330840581087443297e-01
-5.391097832394802225e-01 2.793202718502243442e-01
-6.398713280564507500e-01 1.241080356891757219e-01
-5.063216585624736865e-01 1.589892109969071043e-01
-5.600777179240967740e-01 1.041257825347656762e-01
-5.665351520308661293e-01 9.091514181685056428e-02
-5.986362364893711430e-01 1.305287502650855913e-01
-5.059813039254947853e-01 1.445043665939067523e-01
-4.983201560084289383e-01 1.280010969748559546e-01
-4.664682368937462797e-01 2.887781520786063538e-01
-4.741809438544510868e-01 1.508107117302870392e-01
-4.808593397211495812e-01 1.077411042267897301e-01
-5.027020988989754358e-01 1.143380070544992577e-01
-4.728311216185154819e-01 1.297931817420874268e-01
-4.672633133767440938e-01 1.144030915621385702e-01
-4.384741749173297620e-01 1.540888994161946357e-01
-4.399940864987019751e-01 1.054484655008138816e-01
-4.433009044134976762e-01 9.488433156940345725e-02
-4.535866764819047603e-01 8.882788453882994872e-02
-4.366993407057844223e-01 8.190478508154797055e-02
-4.524348385127154870e-01 8.608554787090838545e-02
-4.333833523283061595e-01 8.864880516711082237e-02
-4.416485443900839414e-01 7.312834883001073649e-02
-4.442669946660195990e-01 7.702742062676293244e-02
-4.341438586057932980e-01 6.360345318148574734e-02
-4.541983848934165735e-01 6.619937803679931676e-02
-4.427810322371943386e-01 5.638715152932149977e-02
-4.303092070450809103e-01 5.763069766621242707e-02
-4.619381135929536697e-01 6.944597508237393413e-02
-4.441160683098956952e-01 4.790370974595248299e-02
-4.527595687355940868e-01 4.936618381924517962e-02
-4.641837634885241926e-01 4.142109592635279114e-02
-4.404871107648506978e-01 4.018186329594186645e-02
-4.466501091805152868e-01 3.587056656118647879e-02
-4.515748766421534555e-01 4.171984070219991736e-02
-4.580018830771059868e-01 5.956948794579375317e-02
-4.520945014045825161e-01 3.278266636522175759e-02
-4.540224703888249280e-01 2.763326761382245422e-02
-4.509882424373099497e-01 3.278794382620731085e-02
-4.407984523196990523e-01 2.806358458516911014e-02
-4.527168313540936850e-01 2.686016989801487398e-02
-4.481593067001270470e-01 2.384013654139494065e-02
-5.954975825234442688e+00 6.030337213874759072e-02
-4.421103193078064209e-01 2.465173248987184706e-02
-4.392261290349797065e-01 2.254623732881100295e-02
-4.322570928224092057e-01 2.386935417658264669e-02
-4.428573142023726206e-01 2.487036488122384981e-02
-4.451338824594870403e-01 2.454871218418475110e-02
-4.581110366289600222e-01 2.656248493426005552e-02
-4.520937014177022206e-01 1.966059721664237259e-02
-4.619175765159990732e-01 2.502964088131420795e-02
-5.954975825234442688e+00 6.269118838781650993e-02
-4.427274252059447690e-01 2.447533076045260714e-02
-4.491092790445687655e-01 3.167532324715693903e-02
-4.104894250998949445e-01 3.218625987921086562e-02
-4.330989482210636510e-01 2.473600631040540065e-02
-4.493975199942852328e-01 2.254921592006553510e-02
-2.183262384401464828e+01 8.023372605760172860e+01
-4.477979584504154786e-01 2.242219156590863349e-02
-4.380039536511866061e-01 2.050337924185896554e-02
-4.435504544592845377e-01 2.153496844528035581e-02
-4.652552720720652957e-01 2.545558264304759177e-02
-4.730724509286705626e-01 2.642525214758961738e-02
-4.499724779895259985e-01 2.297642872980532047e-02
-4.572935607283810100e-01 2.316369620419322928e-02
-4.542552023452710586e-01 2.234286736455715072e-02
