-5.954975825234442688e+00 3.190619610233140691e+01
-5.954975825234442688e+00 1.845786638356952736e+01
-1.204788535056144383e+01 1.796867567480047398e+02
-8.762173289667437359e+00 1.205590072955498755e+02
-1.964718605979483002e+00 1.061680156369212114e+01
-1.950831952630615262e+00 8.181514043128458979e+00
-1.957054368863742511e+00 2.238386302305400477e+00
-1.960222392254668833e+01 4.411396728026838332e+01
-1.968539352272941301e+00 2.899420943379737992e+00
-1.973067576022783598e+00 5.283391656865944697e+00
-1.974232896903744816e+00 2.003531484865987977e+00
-1.988331239606612399e+00 3.522516645164728288e+00
-1.951948507290619972e+00 6.319154564498603577e-01
-1.960394285117025959e+00 3.002920047926807001e-01
-1.643166690188115453e+00 6.672817346502284863e+00
-1.962327191986917185e+00 2.234860441656962848e-01
-1.728925158145273144e+00 2.111932890132095508e-01
-1.812055618916390998e+00 1.765140897062735803e-01
-1.962134418683621817e+00 2.306973251758108745e-01
-1.333531312219127685e+00 1.048790392920579961e-01
-1.267089769318593184e+00 1.192017444783459723e-01
-1.956926723301055659e+00 3.847665640082311711e-01
-1.949364524021071077e+00 1.602377788763078570e-01
-1.932907241569223444e+00 8.487885137657258383e-02
-1.730811550122860254e+00 9.616291651400388218e-02
-1.688874084054559077e+00 4.922624148898080421e-02
-1.955239610268272088e+00 9.610672643805173720e-02
-1.951107357252091390e+00 8.396004845934612604e-02
-1.954155295337411502e+00 1.000917438433077677e-01
-1.962967411199773693e+00 7.852570689928484171e-02
-1.962581352614867214e+00 6.461834617959993921e-02
-1.878766560382182149e+00 5.178096543252763695e-02
-1.146934738645136065e+00 1.072973938622681089e-01
-1.227970433734340006e+00 1.319399793358400075e-01
-1.346773216131015971e+00 9.721259792689807000e-02
-1.139777710070296379e+00 1.380889018723223671e-01
-1.178950871213620744e+00 9.989971578636414051e-02
-1.312701663899673576e+00 6.883530875148835548e-02
-1.133638398808166414e+00 1.494179519068836726e-01
-1.150702309857461358e+00 2.200079442016829034e-01
-1.147966317402026704e+00 2.548007326249432936e-01
-1.177851901843645521e+00 2.712438997991739598e-01
-1.772033893910718305e+00 9.874506061098031751e-01
-1.417685991804408019e+00 2.859094129187269573e-01
-1.449195624597916066e+00 2.645228514347763848e-01
-1.863372336595746859e+00 4.162596921320016463e-01
-1.328160889845984016e+00 1.112688415091156457e-01
-1.261470837644811382e+00 8.753445167710083297e-02
-1.151689935333642723e+00 5.715898985744161109e-02
-1.121293270875128201e+00 6.578235000768017926e-02
-1.144778685806812746e+00 6.314638388522553214e-02
-1.097307789611139839e+00 5.411225044741740930e-02
-1.140241246902757410e+00 4.567327416171451659e-02
-1.180763211602041451e+00 5.399989474915400933e-02
-1.216701747778111908e+00 3.897268308557499950e-02
-1.190438683476500614e+00 3.870018381599038548e-02
-1.232126403783210478e+00 4.994213248664891580e-02
-1.201245281099318163e+00 4.086378295204440292e-02
-1.229652288100995250e+00 4.120396134800330401e-02
-1.216638638301247966e+00 5.005029988618048264e-02
-1.126052294508312457e+00 3.273879377505295452e-02
-1.170412223855622713e+00 3.380080019172737593e-02
-1.259108555954249198e+00 3.412164450548971217e-02
-1.204151589329811145e+00 3.325176371325255786e-02
-1.196898139248341764e+00 4.173620328725746731e-02
-1.263266855454419968e+00 3.089462004385268301e-02
-1.271456675128371572e+00 2.973091365902291727e-02
-1.314210915123322110e+00 3.650771260282681396e-02
-1.368512532775667978e+00 4.011711008664065048e-02
-1.282253919483883564e+00 3.826786752418342985e-02
-1.235959838503443819e+00 2.316691443957097363e-02
-1.309471290601313953e+00 2.867821680939641737e-02
-1.219957035217648311e+00 1.997500384007366847e-02
-2.042330474332998413e+00 4.064148290916591577e-01
-1.266399643287416055e+00 4.112313516165500005e-02
-1.372040611503393848e+00 3.118271472547462508e-02
-1.342498814734435442e+00 2.893955549225779578e-02
-1.298874113036955436e+00 3.497861962571846561e-02
-1.247319692353707765e+00 2.239806672827171496e-02
-1.176897610926980420e+00 1.871878146820904476e-02
-1.229376798256872405e+00 1.990908138566283014e-02
-1.088877309370696267e+00 2.070631607040240851e-02
-1.192088752239094163e+00 1.708544521966359753e-02
-1.211835729923562255e+00 1.567971730401040986e-02
-1.215958183736070453e+00 1.858590969595752540e-02
-1.238499284882614404e+00 2.020107929232040078e-02
-1.213724174539356326e+00 1.324200615783865942e-02
-1.249339159793654730e+00 2.026858005146436881e-02
-1.293829945699757289e+00 2.265191622041129449e-02
-1.267895098051095459e+00 1.795964143991568562e-02
-1.319025412480444359e+00 2.389963093463620680e-02
-1.309972281435078045e+00 2.715833187878047283e-02
-1.223146050390143458e+00 1.791756857548421067e-02
-1.286604617514282012e+00 1.755776734486858004e-02
-1.273293850050292164e+00 2.004428528434232248e-02
-1.234417359564305983e+00 1.538578296955961378e-02
-1.292193431630074940e+00 1.413566939191923666e-02
-1.323067617810195884e+00 1.988118084540246855e-02
-1.285321739125302898e+00 1.981399935266381362e-02
-1.242611853396716981e+00 1.753134411356427336e-02
