-5.954975825234442688e+00 3.908872258331777516e+01
-5.954975825234442688e+00 2.557145030110982731e+01
-5.954975825234442688e+00 1.937975341330490764e+01
-5.954975825234442688e+00 1.584241170373004692e+01
-5.954975825234442688e+00 1.273533982079608506e+01
-5.954975825234442688e+00 1.296707879593786927e+01
-5.954975825234442688e+00 9.512746776135916349e+00
-5.954975825234442688e+00 5.113121148141960504e+00
-3.176952726810897687e+00 7.247345943658118017e+01
-5.954975825234442688e+00 4.145765353457086633e+00
-5.954975825234442688e+00 4.076642450421516628e+00
-5.954975825234442688e+00 3.042152239426958005e+00
-5.954975825234442688e+00 3.165671573411234618e+00
-5.954975825234442688e+00 2.690819874854927463e+00
-5.954975825234442688e+00 2.512267175949443043e+00
-5.954975825234442688e+00 2.821354352666727294e+00
-5.954975825234442688e+00 2.574163755583388280e+00
-5.954975825234442688e+00 2.549881649515398863e+00
-5.954975825234442688e+00 2.038379247061236299e+00
-1.849975865168882905e+00 1.154325965217704919e+02
-7.148276673673416681e+00 1.517665861331237807e+02
-1.665971806081559592e+00 1.769423299588839598e+02
-1.277321000063188450e+01 1.097542003589148578e+02
-9.564097860666363360e+00 3.115081417341163217e+01
-1.455335350792354987e+00 1.447803490940572146e+00
-8.724001693105144284e+00 6.021453968929363043e+01
-3.324477250150824403e+00 1.047832239676978361e+00
-1.202455251321483232e+00 9.889717586964934526e-01
-1.142736177998827429e+00 6.555814001668380797e-01
-1.249329452395706141e+00 6.221369521382626999e-01
-1.232598632932933924e+00 4.424278538104715608e-01
-1.162685210655428847e+00 2.748975514282392396e-01
-1.180072438974040239e+00 3.107243869707332351e-01
-1.306210226350351888e+00 3.036493922582934601e-01
-1.147588798105344310e+00 2.636639452814364404e-01
-1.222343900669201844e+00 1.605023602311632658e-01
-1.231414547975758111e+00 1.401609023780139296e-01
-5.954975825234442688e+00 5.739140135179354729e-02
-1.165664952281224132e+00 1.276958012964684031e-01
-1.237360244899527117e+00 7.637687241330581855e-02
-1.193140435110963793e+00 1.369141215445210946e-01
-1.187750540168028834e+00 8.610742217489075756e-02
-1.180833607518993134e+00 9.734780345571891758e-02
-1.372510271381996105e+00 9.608009536106010273e-02
-1.164330112025686148e+00 8.705359379550259291e-02
-1.263951566839539353e+00 6.302715842464579055e-02
-1.240650213303666760e+00 6.654484212837985524e-02
-1.517968765136764375e+00 9.070778463843964801e-02
-5.954975825234442688e+00 4.991806430795975302e-02
-1.186151519642566043e+00 5.515049901821100775e-02
-1.152900548441021300e+00 4.116268865212191486e-02
-1.264062193213193908e+00 7.151453240886951335e-02
-1.175471738348363715e+00 3.732118253718397227e-02
-1.225349798505703802e+00 4.531453104345928296e-02
-1.174697799255616459e+00 5.163530532250604210e-02
-1.161205735732508515e+00 4.510795572404902032e-02
-1.163350730554565615e+00 3.661141069747486654e-02
-1.159538407420138029e+00 3.848369530653883430e-02
-1.191745957172626547e+00 3.506441922783665177e-02
-1.207958067649180123e+00 3.980495948283646612e-02
-1.169039229935567192e+00 3.242568625793751380e-02
-1.159442131823006150e+00 3.978953648511662777e-02
-1.259641704062168799e+00 3.677338073435976185e-02
-1.189641038037844822e+00 3.554805658482962372e-02
-5.954975825234442688e+00 4.386881452050772623e-02
-1.163397239022950558e+00 3.993330659457683396e-02
-1.170339305066081081e+00 2.768239691170037986e-02
-1.399276448051033128e+00 1.104255209429680917e-01
-1.180953513700080393e+00 3.332469039551710921e-02
-1.221700649557993401e+00 2.765082480550518085e-02
-1.277047967456271138e+00 6.403646474446134107e-02
-1.222884756292502928e+00 2.636055950516436042e-02
-1.242475339716165195e+00 3.289410488093835738e-02
-1.298268794891281885e+00 5.543413748115710860e-02
-1.235849784759381009e+00 3.341962283029431546e-02
-1.236846879027464041e+00 2.012220300096601022e-02
-1.189593684887457314e+00 2.605730610774514844e-02
-1.193734603416277906e+00 2.100586997643461018e-02
-1.231995592988397448e+00 1.753287723562380052e-02
-1.362333342749831644e+00 6.622872277280578146e-02
-1.240961857528967371e+00 2.495801221569138306e-02
-1.335408652217303427e+00 5.580405331008364556e-02
-5.954975825234442688e+00 3.349657143374429324e-02
-1.340164751981744118e+00 6.043400193499337547e-02
-1.218184947703672805e+00 1.858802451296526215e-02
-1.199667387831929943e+00 1.952494882223732020e-02
-1.308169377175346426e+00 3.889917944884757617e-02
-1.214243296756988499e+00 1.923267938668971055e-02
-1.274774223880671187e+00 2.219751236006572981e-02
-1.291945646965801942e+00 2.671867416306383802e-02
-1.260004433395256029e+00 2.227184871043164094e-02
-1.300374355847717212e+00 2.529601206232712229e-02
-1.259437645147555074e+00 2.003419956690777326e-02
-1.219857513699594165e+00 1.694970512102145221e-02
-5.954975825234442688e+00 4.360875605065928085e-02
-1.264692253814244438e+00 1.984226835620006568e-02
-1.289083854225987480e+00 2.861020545148562633e-02
-5.954975825234442688e+00 3.218005222558417699e-02
-1.285159975857688153e+00 2.047989189860288661e-02
-1.270315283761238589e+00 2.063744929762378888e-02
