-1.750829951577816601e+01 2.297481844764139325e+01
-1.750829951577816601e+01 1.709946604268291637e+01
-1.750829951577816601e+01 1.860537027100092899e+01
-1.750829951577816601e+01 1.314514925263095080e+01
-1.750829951577819088e+01 1.139516103362031529e+01
-1.750829951577816601e+01 1.098972457069104891e+01
-1.750829951577815180e+01 8.320256234499819215e+00
-1.750829951577816601e+01 7.345505773824903883e+00
-1.750829951577816601e+01 6.535041367583069416e+00
-1.750829951577816601e+01 6.989143182823973177e+00
-1.750829951577816601e+01 5.437959271655955718e+00
-1.750829951577816601e+01 4.859158086967084955e+00
-1.750829951577819088e+01 5.839548848241808088e+00
-1.750829951577816601e+01 4.532149748242581211e+00
-1.750829951577816601e+01 4.113962267586369848e+00
-1.750829951577816601e+01 3.991987042655395612e+00
-1.750829951577816601e+01 4.299606755121025969e+00
-1.750829951577816601e+01 3.735547824404129358e+00
-1.750829951577816601e+01 3.562312289607348248e+00
-1.750829951577816601e+01 3.118311184638841382e+00
-8.268778892051248874e+01 6.967265033758749837e+01
-1.779331625230993197e+00 6.180947551432391407e+01
-6.587412082168214056e+00 2.416908949310410293e+01
-5.953786364067249792e+01 5.260785289757727412e+01
-9.013366228264120039e+00 9.175922381916163317e+01
-3.393361452686247226e+00 5.603538261783427288e+00
-4.140586967214088254e+00 2.386714353263605801e+02
-3.537937035361587768e+00 2.362941907084419029e+02
-6.386621919068975473e-01 2.023426319273980312e+00
-1.516734942647122750e+02 2.145538516183316915e+02
-1.570578920698349918e+02 2.093750779525201438e+02
-1.577829273245298793e+02 2.220929519111667219e+02
-1.578130556265914493e+02 2.236013164901984283e+02
-6.245629779135271065e-01 5.077449299652982972e-01
-5.226165707061891652e-01 4.540424745594293654e-01
-2.250609169342213534e+01 2.595666383726825188e+02
-6.391232797685209022e-01 2.181386594761107744e-01
-9.844725861533198952e-01 1.254614177541725439e+00
-7.709970085641995041e-01 5.607300152877172650e-01
-7.398011074493808792e-01 1.844929210154759858e-01
-7.156046627426366769e-01 1.516084955123631062e-01
-9.199606682747438313e+00 1.968727636560023768e+02
-5.810394297841003919e-01 1.085544696138072140e-01
-1.168604499168542077e+01 2.249794508334474585e+02
-6.707126761663779746e-01 1.672425173481713045e-01
-1.849850580554514679e+00 2.828038567076025345e+01
-6.430189983355507621e-01 1.295156944542696920e-01
-4.674048545894571305e-01 1.750129162734879174e-01
-7.275625636262716966e-01 9.754489781965958173e-02
-7.638856926199810715e-01 1.206569155610850430e-01
-6.123634494570087128e-01 1.063176208035656600e-01
-5.392254229196762338e-01 1.011134616700246625e-01
-1.898940769493075109e+00 1.191543965716903131e+00
-1.951301301079979567e+00 1.198701989259404854e+00
-5.531480678178510857e-01 7.556278389157000674e-02
-5.852813401634158197e-01 8.317260480006893886e-02
-4.275234978635662486e-01 2.388139353523968111e-01
-4.943816565852223732e-01 1.360959391429190646e-01
-5.693995756904026706e-01 1.326141833486076393e-01
-4.867377728851831620e-01 8.318472441678181895e-02
-4.119924827258234501e-01 1.730102177174046574e-01
-4.413249147194981958e-01 1.248396247617336030e-01
-4.608401502389405380e-01 6.671756873879530758e-02
-4.434325464050878907e-01 9.227083432435279065e-02
-1.856847844064319020e+00 7.504568453555435781e-01
-5.024634555045146556e-01 6.177405510356948071e-02
-5.172064593328631332e-01 5.891938111906824815e-02
-4.821301013960166415e-01 5.500369317294939719e-02
-5.295258841433785335e-01 4.083706533245390347e-02
-5.396919472666219519e-01 3.417633198404246286e-02
-5.536928697184428927e-01 3.438505559429927416e-02
-5.550651246232867209e-01 3.842150042885350558e-02
-4.762058957180315133e-01 3.755749688518505991e-02
-5.270981043463400795e-01 3.618058973523829991e-02
-1.864690188856386044e+00 4.623626738931534419e-01
-5.601584474327054863e-01 3.122043402547092228e-02
-5.583878631566179251e-01 3.308491979758798607e-02
-6.045055966345618259e-01 4.231408758408861104e-02
-5.623286193082801532e-01 4.630381735401556398e-02
-6.051611648271411070e-01 3.222126949648895788e-02
-5.187419691804304733e-01 3.773711750068287074e-02
-5.143348793533863983e-01 2.638770782102994872e-02
-5.358210948779422722e-01 2.224057161512860148e-02
-5.190481261952353265e-01 3.371101915490726242e-02
-5.018235403472743883e-01 2.860517580457155873e-02
-5.176732735010105557e-01 2.773955808964956304e-02
-5.234210826586984666e-01 2.281269081967707280e-02
-5.438940788294104323e-01 1.928553288148293632e-02
-5.312422238492739979e-01 2.323415344301338337e-02
-5.538239933812150184e-01 2.406093680133380985e-02
-4.714110466319567649e-01 3.185061172419523245e-02
-4.846201259674476347e-01 2.532353825890254484e-02
-5.207737900410513987e-01 2.186632335727267673e-02
-5.151036014956602571e-01 2.291178815772809685e-02
-5.101802505090375917e-01 2.077991918044119757e-02
-4.720283719553393098e-01 2.542352963175176228e-02
-4.597537389300718758e-01 3.532780635700305538e-02
-4.473280492999140989e-01 4.765640370112578239e-02
-4.953890676496488510e-01 1.954264599334010200e-02
-1.851415670851141115e+00 1.875288508094854478e-01
