-1.750829951577816601e+01 8.628980315261557621e+00
-1.750829951577816601e+01 7.430047652510623379e+00
-5.954975825234442688e+00 5.062322031511570231e+01
-5.954975825234442688e+00 2.081039368746872142e+01
-5.954975825234442688e+00 1.561867892725861395e+01
-5.954975825234442688e+00 1.231174138973226917e+01
-5.954975825234442688e+00 8.744918811051491048e+00
-6.054115569718174328e+00 5.483133111677307170e+01
-5.954975825234442688e+00 4.894391845453711198e+00
-5.954975825234442688e+00 2.361301608489178250e+00
-1.938984582538781254e+00 3.789004153521233320e+00
-1.076449422890487284e+00 1.302726084409897567e+01
-1.385991750717123807e+02 1.764377856245187957e+02
-8.732185592850516542e-01 1.168315632292561190e+00
-1.683902778789389743e+01 1.108750391908192512e+01
-1.954387065467516393e+01 9.680408773112404219e+00
-5.954975825234442688e+00 1.162812043621619296e+01
-5.954975825234442688e+00 6.178699615115100130e+00
-5.954975825234442688e+00 5.752319908459355702e-01
-1.007493000458129728e+00 1.448948596322352955e+00
-6.320020072056244942e-01 7.251479254529300533e-01
-9.805459250121995041e-01 6.731382201167548374e-01
-6.653434022364628220e-01 3.681635986609279598e-01
-6.254857023227184953e-01 4.047100952905964277e-01
-8.504143403297721449e-01 4.381657633589810530e-01
-7.821425393215726274e-01 3.855209817266853634e-01
-6.584366572155637698e-01 2.263399567087844844e-01
-7.281557102016869010e-01 2.639752597829669867e-01
-7.172073033448000956e-01 1.462152489782369003e-01
-5.954975825234442688e+00 2.423586389263618912e-01
-6.876683858570267205e-01 1.602181291497259963e-01
-6.430548994217701875e-01 1.716936833488631464e-01
-6.590377901560824370e-01 1.464217977278394756e-01
-6.511252887252396704e-01 1.347749698596771850e-01
-6.634502625820939414e-01 1.007712839275569650e-01
-4.570731407760693088e-01 1.072334049555649926e-01
-6.887579329581985377e-01 8.581123852104610705e-02
-7.039003770164704576e-01 8.005213219513507283e-02
-6.684150410607703208e-01 8.812656554380282614e-02
-7.088346201383721734e-01 8.960287551185786015e-02
-6.963643948377331583e-01 7.196514721479729815e-02
-6.559083579211613113e-01 8.470947510866722041e-02
-6.898507104775148946e-01 6.421517149925648482e-02
-6.543111758804585065e-01 7.930207243471443235e-02
-5.954975825234442688e+00 1.848277502629116498e-01
-6.433303583305445272e-01 6.748013054921386811e-02
-7.082868631451599839e-01 5.305466610843723174e-02
-7.021124379642404989e-01 5.404939800475005995e-02
-7.288294560287660317e-01 5.036892626630162795e-02
-6.848515470459961563e-01 5.150897241165353080e-02
-7.138440630556921462e-01 4.984376605318630027e-02
-5.954975825234442688e+00 1.414856624407576646e-01
-6.566004415665975813e-01 4.184117835627887416e-02
-7.103810160225005887e-01 4.523982818227523239e-02
-7.125432012669161708e-01 3.610255073014911886e-02
-6.476572637906539143e-01 5.248692808230259743e-02
-7.025888870125207575e-01 3.657986171718619062e-02
-7.088477852790902034e-01 4.507197315669486670e-02
-6.733517952341010471e-01 4.286536297023246789e-02
-6.835299329435269300e-01 3.481923693803423703e-02
-5.656898197428859021e-01 3.381491520421775476e-02
-6.916454215501772751e-01 3.400055585800032532e-02
-7.096534803661480595e-01 3.186049929657031043e-02
-7.097916409284419359e-01 3.515382472387784674e-02
-6.861858910676428280e-01 3.461717583360268691e-02
-7.111174760519833882e-01 2.607399033365709329e-02
-6.967229170260331728e-01 3.003683491240849435e-02
-5.083545271405807142e-01 3.078547760941319211e-02
-7.038999357268274082e-01 2.730439688563990330e-02
-7.119078005561139122e-01 2.436930068704157293e-02
-5.989079613391155021e-01 2.790250724336829080e-02
-6.908936413090973616e-01 2.963398767208502704e-02
-7.114380058568201548e-01 2.513624960504046157e-02
-6.102695586041484432e-01 3.320097835739943548e-02
-6.662028764805416614e-01 2.749598594894564485e-02
-6.799940676252056448e-01 2.278207758502048819e-02
-6.765523829431678848e-01 2.751715104731999872e-02
-6.722702658755590477e-01 2.674039641125602884e-02
-6.350246366684597632e-01 2.764664647351366966e-02
-6.703977899499964366e-01 2.418184094877062762e-02
-5.895840262587910274e-01 1.953692928944406049e-02
-5.954975825234442688e+00 1.376927046884333095e-01
-7.006241652244984408e-01 2.283519433996161752e-02
-5.728246189695589408e-01 2.664097292507960901e-02
-5.792619538586425421e-01 2.269739922340363592e-02
-6.898282068233534403e-01 2.050502272113874369e-02
-6.794372059956153009e-01 1.908956821814911109e-02
-6.746530119391049851e-01 1.937860047297590427e-02
-6.475589027933263964e-01 1.936333601014439409e-02
-5.954975825234442688e+00 1.044817656894423408e-01
-6.888967198082269761e-01 2.040981255308338405e-02
-6.989873979130116766e-01 1.944127665029782293e-02
-6.506276453707311447e-01 1.506302527822356296e-02
-6.281409078917157274e-01 1.797139391602797787e-02
-2.048862850774413324e+00 4.132249508992074993e+00
-6.375688555499525734e-01 1.591723883589679645e-02
-6.396819692399109414e-01 1.961038876716258983e-02
-6.195077164925688606e-01 1.829295630041372078e-02
-6.284815288442811010e-01 1.991120467117468706e-02
-5.230557575678336235e-01 1.579720545866791781e-02
