-1.750829951577816601e+01 7.051123558622791165e+01
-5.954975825234442688e+00 4.755090592435571750e+01
-5.954975825234442688e+00 1.860698161331108480e+01
-5.954975825234442688e+00 1.391228212729964042e+01
-5.954975825234442688e+00 9.951483512561814848e+00
-5.954975825234442688e+00 9.994350106428065317e+00
-1.975265156774788977e+00 1.769655289769104911e+00
-1.867092295530381918e+00 1.536264797225044276e+00
-5.954975825234442688e+00 9.989681368296032815e-01
-1.955830685179611450e+00 2.753730867943176008e-01
-1.971957468169327043e+00 4.352016895795856044e-01
-2.151046493530799353e+00 2.846607122697548675e-01
-2.065381615000489113e+00 1.409414710395537895e-01
-2.024169538638705745e+00 1.990441439903065657e-01
-5.954975825234442688e+00 2.860941173939721693e-01
-2.109811384676727464e+00 1.015923862880043771e-01
-2.186467487865824566e+00 1.238187019159084912e-01
-2.000411545816506376e+00 6.206321603078635007e-02
-2.107147193511424987e+00 7.838496180242771061e-02
-1.984927053961108356e+00 5.704415677163865439e-02
-2.039238777063982155e+00 7.199406244920680820e-02
-2.031640818018179750e+00 8.510715516257505442e-02
-1.978295117168244133e+00 4.439302395691413494e-02
-5.954975825234442688e+00 1.207968388225566514e-01
-2.003959889799353355e+00 7.441871258885157658e-02
-2.029520623730844520e+00 6.844111985959955291e-02
-1.998333165561492208e+00 6.045150368291274390e-02
-2.029529318311350750e+00 6.137843837945666792e-02
-2.079586622602468182e+00 4.394977248050224716e-02
-2.069215890613343767e+00 4.758280256609737080e-02
-2.023901223979656550e+00 5.005185422633928738e-02
-1.856972364506173534e+00 7.629722682756323593e-02
-1.923584491657322815e+00 4.031548865621914501e-02
-2.002072843821738779e+00 3.778662796499077103e-02
-2.039927138350342339e+00 3.604797243498580883e-02
-2.073686103479671416e+00 3.507380991808872750e-02
-1.998229212842197455e+00 4.442998133779951786e-02
-1.957676127635956220e+00 4.715972943036206289e-02
-1.969296999022349226e+00 4.263713141139646723e-02
-2.094854024368186352e+00 3.855642867726771783e-02
-2.039118897240331130e+00 4.011193477262509077e-02
-1.966928416277172076e+00 3.899297577477511823e-02
-2.065902164384528561e+00 3.413346412789053375e-02
-1.984941174083008519e+00 3.474894772827497036e-02
-2.018219224748124319e+00 3.476312908020418035e-02
-1.991877351906861549e+00 3.218130191842760723e-02
-1.971904727383247291e+00 3.666418850136210494e-02
-1.972564942612123673e+00 2.919667541482340312e-02
-1.953503786473666182e+00 3.885593902938921929e-02
-1.953181975400633874e+00 1.844055510804309961e-02
-1.973699157501080492e+00 3.713529146668292924e-02
-2.069645153024459283e+00 2.752258294937348637e-02
-2.063300332022584449e+00 1.987155259777750871e-02
-1.957480892124802807e+00 2.622319485705304487e-02
-1.983508181692407391e+00 3.534410236731844179e-02
-2.078159185071632997e+00 2.516274540661811443e-02
-1.924018551903413865e+00 2.185444774092104581e-02
-2.026999904843787448e+00 2.600871282835726106e-02
-1.933181525242536836e+00 2.125447672423774748e-02
-2.027060025058423420e+00 1.970056138573283988e-02
-2.045018836762631409e+00 1.826351926850122709e-02
-2.041568000634272018e+00 2.504178221889219458e-02
-2.033616384859165294e+00 2.304061123790290821e-02
-2.000226110899571808e+00 2.108188690688450606e-02
-1.966748666520302891e+00 2.043159166166219620e-02
-2.017523093804970635e+00 2.044859422859701681e-02
-2.079685721245680519e+00 1.680405303092413760e-02
-2.079742358995688711e+00 2.070935015572672455e-02
-2.042251456980383573e+00 1.859022300644141978e-02
-1.975631251268831434e+00 1.406168811307395572e-02
-2.024818035875465938e+00 1.703400831323165221e-02
-1.982227745565618093e+00 1.694781218377272580e-02
-1.940458916042041793e+00 1.660700834993633634e-02
-1.903530784364663830e+00 1.873409113461832476e-02
-2.054463118759455753e+00 1.856727773801480907e-02
-2.042578437625638621e+00 1.676815207808601826e-02
-2.036181046850483511e+00 1.629075275259594946e-02
-2.037524332841682551e+00 1.775320565091931257e-02
-5.954975825234442688e+00 8.125772213112725240e-02
-1.866252707853632842e+00 2.526778477630386988e-02
-1.906378955358839278e+00 2.045038538543053619e-02
-2.026618454427173255e+00 1.665708813030164492e-02
-1.944393442028101049e+00 1.363302807862964983e-02
-2.038856941642539056e+00 1.571083300709119612e-02
-2.035580097253685494e+00 1.302173230531877834e-02
-5.954975825234442688e+00 7.865607832471255279e-02
-2.032031150609382664e+00 1.622392452108556427e-02
-1.943773988696632316e+00 1.406559147203267912e-02
-2.066885194109046253e+00 1.661272060329110900e-02
-1.980613082448247297e+00 1.437594829261001905e-02
-1.999152229292354477e+00 1.262665558755315942e-02
-2.040106969316684449e+00 1.367090366665024703e-02
-1.972814919023639035e+00 1.310070669971707957e-02
-1.946159007920680750e+00 1.286477835662935831e-02
-1.939754414627518742e+00 1.411247689557626472e-02
-1.924800902026220228e+00 1.118740618782965157e-02
-1.994539087044826076e+00 1.108490625823321807e-02
-1.946393303067791791e+00 1.070184669802642929e-02
-5.954975825234442688e+00 7.448464245558739094e-02
-1.934192951433214347e+00 1.582967948961311322e-02
