-1.458721908793955606e+02 3.523003301920550712e+01
-5.954975825234442688e+00 3.224971699319080898e+01
-5.954975825234442688e+00 2.964284900940768352e+01
-1.750829951577816601e+01 1.892051581101882789e+02
-5.627089848661187332e+00 3.153118948883691246e+02
-2.011637660430500318e+01 1.360813081477442097e+02
-2.274391077014884743e+00 1.759927174688427272e+02
-1.750829951577821220e+01 3.094328998403435662e+02
-9.892443168106900941e+00 8.658837786261000247e+01
-4.339112620865517300e-01 1.137646902593681375e+01
-3.888030686000671921e+00 4.041812260214138064e+01
-1.210271342270354822e+00 3.808339792379030087e+00
-8.923250696440803154e-01 1.664955133111419627e+00
-4.147010173404854783e-01 1.294958322440379561e+00
-4.630872476295824214e-01 9.855734331812016080e-01
-5.341767795601235491e-01 1.096437792216960361e+00
-5.578489359943503700e-01 4.818605204205823611e-01
-1.036901985429668827e+00 3.606219373522492333e-01
-1.273104127814354669e+00 4.562673721150645179e-01
-4.039739529715280497e-01 4.451547374237918575e-01
-4.323111131254009365e-01 1.836545006605376784e-01
-5.005110698704218208e-01 1.280096421512553206e-01
-9.404931951162147641e-01 3.537640848998080401e-01
-8.018833633074535783e-01 1.317536238358059109e-01
-1.523074668927936415e+00 3.263132794984926477e-01
-2.266442879082436690e+00 1.372338189452193546e+00
-5.510021517539875902e-01 9.827790069073216728e-02
-7.128294509656356581e-01 6.282847978823724588e-02
-9.424262178774984733e-01 1.026832519643505748e-01
-8.338872152685059547e-01 7.717597708960965974e-02
-8.443872390594240329e-01 7.139801770009057691e-02
-1.023618529599449545e+00 1.474154470886617219e-01
-7.564295004972692027e-01 7.398231939939137192e-02
-6.093256530207220578e-01 6.672814102969937267e-02
-7.915346026529928025e-01 5.864843509496608931e-02
-9.743311134343191071e-01 1.208084307317847106e-01
-6.648478706013669637e-01 6.777150568620982085e-02
-6.711095242042404152e-01 5.311253082570033257e-02
-5.699146705076678643e-01 5.668971794162303013e-02
-6.651701526233324557e-01 5.513795942673027639e-02
-8.706589771514359200e-01 7.931478210585396482e-02
-8.356271153588092915e-01 5.670740900967530251e-02
-6.014108480881379393e-01 4.519155711906819306e-02
-4.823753945754489791e-01 9.266718231475579159e-02
-4.720021849612745513e-01 9.577356589957730648e-02
-6.112445515630522408e-01 5.187823118032497405e-02
-4.754863365556456500e-01 1.070703810514999077e-01
-7.115552919312424507e-01 5.377308012745629640e-02
-4.189948785644830309e-01 2.312453357345418681e-01
-7.766403374154560169e-01 8.709889692281365114e-01
-4.326650392750721608e-01 1.008964301684045495e-01
-6.375006572857877529e-01 4.155315205022134251e-01
-6.568444308539600485e-01 3.275304188746588352e-01
-2.570406666369821735e+00 1.785991959745530266e+00
-6.215723181858727742e-01 1.777429284875324811e-01
-4.757396324923757192e-01 8.590718266964358918e-02
-4.714710850892931404e-01 8.724070461454402903e-02
-4.583373945357678281e-01 6.739012935375399138e-02
-5.221991647098604972e-01 7.242825240538763865e-02
-4.773530892413671012e-01 5.290261166931031767e-02
-4.992612432831737834e-01 5.521294664612241831e-02
-5.337963598399362297e-01 7.064936575841329613e-02
-5.090210199780820233e-01 6.074038448684859759e-02
-5.108311296450178673e-01 5.775271042614349426e-02
-5.472957604078203531e-01 5.516189003674298874e-02
-4.864541957880295087e-01 4.762285646893360536e-02
-5.108001968845901075e-01 4.899599948825539286e-02
-5.076310368501655290e-01 3.779812452282271806e-02
-4.558959584707693580e-01 3.525871068399055730e-02
-4.909615605713462116e-01 4.222554782711540611e-02
-4.774573480739405795e-01 3.551792258170394234e-02
-4.524950998697114812e-01 2.752972136150333426e-02
-4.530371228918266269e-01 2.812880193039291044e-02
-4.504330628172930062e-01 2.582101245727130845e-02
-4.448105929107324386e-01 2.671865412588658728e-02
-4.349647962854810146e-01 2.787059631322108544e-02
-4.404530654011633573e-01 2.537247340350745617e-02
-4.471344052184225148e-01 2.052757089117562828e-02
-4.481215196817522894e-01 2.759765027465732601e-02
-4.436212250301974080e-01 2.771350898427726861e-02
-4.349177843323079884e-01 2.241364352147456884e-02
-4.393872501336737457e-01 1.943537581988152851e-02
-4.388377958016587144e-01 2.261304195556590457e-02
-4.391794387471925631e-01 2.438535036310440773e-02
-4.376582791389118654e-01 2.489407024856404860e-02
-4.314790314640486457e-01 1.909691158388682197e-02
-4.417811037465391166e-01 2.314735698405456787e-02
-4.365663689513308299e-01 1.601080178258484921e-02
-4.289124342829033765e-01 2.592886639979496977e-02
-2.808476606578712342e+00 7.699428478613867810e-01
-4.379945846237092155e-01 2.175833822818162844e-02
-4.315615326378026140e-01 1.381197100755571228e-02
-4.373778214036310175e-01 1.634375953565836426e-02
-4.304728061344906820e-01 2.104170603570310050e-02
-4.280905682520153022e-01 1.760448739750586356e-02
-4.363032014038434880e-01 1.651629228732076626e-02
-4.355380673640052436e-01 1.429570521654000004e-02
-4.367143381352391884e-01 1.623719591898975523e-02
-4.389495899659756617e-01 1.325155196570904081e-02
-4.233636298936893638e-01 1.685518171316857661e-02
