-5.954975825234442688e+00 2.529341021607697115e+01
-5.954975825234442688e+00 2.177597388866972494e+01
-5.954975825234442688e+00 2.667145059753635294e+01
-5.954975825234442688e+00 2.462544129429994655e+01
-5.954975825234442688e+00 1.406521010283493389e+01
-5.954975825234442688e+00 1.850266972490005202e+01
-5.954975825234442688e+00 1.746794771406842983e+01
-5.954975825234442688e+00 1.693094709635450812e+01
-5.954975825234442688e+00 1.551782637766119954e+01
-5.954975825234442688e+00 1.415753253657480393e+01
-5.954975825234442688e+00 1.276115756634764331e+01
-5.954975825234442688e+00 1.283370614603839677e+01
-2.565159388248964945e+00 6.638146607276848243e+00
-8.480893620779610842e+00 2.378234153035900249e+02
-1.750829951577816601e+01 2.662047628553722234e+02
-1.943206411483410889e+00 1.888999287278664951e+00
-6.200987477348931520e-01 1.017415646118962513e+00
-1.945479153041507203e+00 4.331403689745485508e-01
-9.185138513067130361e-01 4.940035611001860616e-01
-4.888928327137822549e+00 4.911203851556990685e+00
-4.196367290863083355e-01 9.707673052069765163e-01
-4.487190806084981887e-01 5.567293580253078744e-01
-4.266446197122153450e-01 4.763246842816926119e-01
-7.440971442005057668e+00 2.734178552929674879e+02
-4.070567091388905823e-01 1.702076980446065591e-01
-4.321512248161276659e-01 1.044664722328718653e-01
-3.985098490085974277e-01 2.135983166018604607e-01
-5.292110942774499449e-01 2.574642135315627911e-01
-4.374365651360587748e-01 2.159939911807100543e-01
-4.508439804311912269e-01 1.985241747695738468e-01
-4.768633497364742624e-01 2.047522938728434383e-01
-4.164836718943298877e-01 8.780487171449635753e-02
-4.121583853428010258e-01 7.353852956860862378e-02
-1.282741749147688815e+01 2.427410066906847703e+02
-5.164287996273042580e-01 1.943463328152574832e-01
-4.180179265508581210e-01 8.313452351566752441e-02
-4.064975290713697120e-01 6.081680663314159574e-02
-4.817983340296230210e-01 1.831829198264358638e-01
-4.036673119396247955e-01 5.743448850287791174e-02
-4.165755179139001285e-01 4.425367879349551004e-02
-4.168023906582565274e-01 6.815162228690496704e-02
-3.994721921048522972e-01 8.033387734229791022e-02
-4.206620298923748891e-01 4.723144096394094049e-02
-3.999412437252107821e-01 6.533028370728288792e-02
-3.987415488423629029e-01 9.683873544258858601e-02
-4.016792456725291061e-01 5.749189084644967807e-02
-4.029314673673010105e-01 8.595516816842518892e-02
-3.984429104270041933e-01 7.164019415549205405e-02
-2.409667967595864368e+01 2.573189987653667004e+02
-1.842336191304201520e+01 1.379502321565096281e+02
-3.986553226427798080e-01 5.936744776892055597e-02
-3.992671918316688107e-01 4.841784381846991892e-02
-3.990211736268722831e-01 3.866255840543431077e-02
-4.044836468484280800e-01 5.024415421911498925e-02
-1.137496398172639189e+01 1.578382639751507099e+01
-4.466061844448105944e-01 9.523397657528676064e-02
-4.072955634860466745e-01 2.972675568486238262e-02
-4.612318661627483607e-01 5.533427143927838188e-02
-4.383431694822377267e-01 2.984161009487706906e-02
-7.444234820140626319e+00 4.936207759701346731e+00
-4.693934276393303406e-01 6.490203186072562858e-02
-1.744328708071308398e+01 1.644509302647323068e+01
-5.097524210605257622e-01 6.123113717401906797e-02
-4.355943063308309604e-01 2.905296590978423410e-02
-4.595325970441432872e-01 4.651999220084235276e-02
-4.563059666652335977e-01 3.955315614760479548e-02
-4.568679337220835635e-01 3.280386246814259721e-02
-4.873040127579297831e-01 5.539466796585656994e-02
-4.616227666719421308e-01 3.975686837259218009e-02
-2.707693113626123527e+00 2.021275679848324103e+01
-4.429990719502896468e-01 3.080494717963233597e-02
-4.513328532002791604e-01 3.032619113210444084e-02
-4.476441138941424924e-01 2.560495347509572639e-02
-4.318415374710973254e-01 2.184865201098773468e-02
-4.514649179777929788e-01 2.778894975432422143e-02
-4.361543325052572584e-01 2.452010694875639274e-02
-4.600305527633761216e-01 2.731898309895086641e-02
-4.109133879187112370e-01 1.879661749222805156e-02
-4.469163255667805146e-01 2.276023581336517054e-02
-4.241741387780315620e-01 1.837945086464287670e-02
-4.253430083300386855e-01 1.687038846077371090e-02
-4.170555959846069527e-01 1.803492098309789071e-02
-4.453428465267599279e-01 2.219775579095539797e-02
-4.278906762686585097e-01 1.958774145202824002e-02
-4.168062725265162527e-01 1.775906336081334302e-02
-4.264320031557176094e-01 2.202195240587911940e-02
-4.151714666193981884e-01 1.355569428389458153e-02
-4.254052026784354013e-01 1.684198053047225585e-02
-4.179333316379754137e-01 1.374587570649055124e-02
-4.204931401021863024e-01 1.406047025579937326e-02
-4.156640081207854109e-01 1.252578748275823273e-02
-4.232925574742374408e-01 1.523333693270956246e-02
-4.257515237712663492e-01 1.412361588722887973e-02
-4.145789060620916899e-01 1.343035565011518884e-02
-4.037490625626070084e-01 1.439350003946060497e-02
-4.202580032143803379e-01 1.378120234730317861e-02
-4.205330537401739122e-01 1.134757260857099936e-02
-4.082214133303985193e-01 1.360414254921238353e-02
-4.234312229916739057e-01 1.163394262323436124e-02
-4.586372750122915676e-01 1.838303681600450545e-02
