-5.954975825234442688e+00 1.285061837571701631e+02
-5.954975825234442688e+00 4.125096289294232577e+01
-5.954975825234442688e+00 5.308951725426135937e+01
-5.954975825234442688e+00 1.288460287451199093e+01
-5.954975825234442688e+00 2.020194295320184352e+01
-5.954975825234442688e+00 1.228245401943651416e+01
-5.954975825234442688e+00 1.434880992115546405e+01
-5.954975825234442688e+00 1.017774605971638735e+01
-1.750829951577816601e+01 1.630056463257017754e+02
-5.954975825234442688e+00 9.642657606859886599e+00
-5.954975825234442688e+00 8.028371722499183960e+00
-5.954975825234442688e+00 7.388772122274080090e+00
-5.954975825234442688e+00 6.697075641799088430e+00
-5.954975825234442688e+00 7.368788762574332907e+00
-3.977708190589247295e+00 7.562183785639891909e+00
-3.970745511710704889e+00 7.316295722637999432e+00
-2.084866952265040041e+00 2.213423757006240677e+01
-1.971559610416575126e+00 7.004879051023534586e+00
-2.239878279712012699e+00 5.843481365751227230e+00
-2.320829019398161996e+00 5.324233187902137843e+00
-2.268940536573448519e+00 5.232401832333252401e+00
-2.435643231273109777e+00 5.232654831831407449e+00
-2.301003732511339273e+00 5.722994514326352089e+00
-2.457970111197447238e+00 4.966195500279340536e+00
-2.481283909197068205e+00 4.812502676874608198e+00
-2.219828895397499835e+00 4.267065702884728751e+00
-2.745586842323215926e+00 4.383037219420693020e+00
-2.353650856392011548e+00 3.576577520197847804e+00
-2.390913598597432355e+00 4.175497686459912927e+00
-1.959233451640672641e+00 1.092512679001686138e+00
-1.964464528783063102e+00 6.822371145904639889e-01
-4.891589843600271337e+01 1.401316039718664967e+02
-1.942819108185242172e+00 3.200625663668933498e+02
-2.087310610607206129e+00 2.925589672905957741e+02
-2.051309254612600164e+00 3.013442091724494958e+02
-1.893233729349606875e+00 2.983118927009940080e+00
-1.992007839514677414e+00 3.576961484891114651e-01
-8.556017379601970063e+00 1.107223751881323039e+02
-1.945235930607294605e+00 5.144621948823555613e-01
-1.986928920688525224e+00 1.705955649836994326e-01
-9.100908532594466749e+00 2.215893241008856762e+01
-5.382276449075233060e+00 1.516064195446318763e+01
-6.736620739233352140e-01 1.962855680990648466e+01
-2.022003531003335297e+00 9.961271404188209999e-02
-2.021808146221951041e+00 9.734894404456895245e-02
-2.002633482400868914e+00 8.664634202582988109e-02
-5.596470520953165106e-01 4.040459397525089003e+01
-4.194614210159421930e-01 1.943023520907502188e+00
-4.120584487522993555e-01 1.020387147764836300e+00
-4.111038356604019839e-01 6.174687930402171787e-01
-4.245390770045069928e-01 3.193629298672533423e-01
-4.052943072680044168e-01 2.553047971045714348e-01
-5.836439799853323507e-01 4.240754905599146696e-01
-2.020395703773144369e+00 9.632132661192827072e-02
-4.089925271027556875e-01 1.673038236185391270e-01
-2.019623305820298143e+00 8.670913626781384664e-02
-4.001832382782524178e-01 1.574878659589558083e-01
-2.019225251730457416e+00 7.633187297543031491e-02
-4.055466446432003380e-01 1.669721703523521228e-01
-4.262961913426650540e-01 1.542532449018665375e-01
-4.819290616396099125e-01 1.313040775357876555e-01
-5.140945444604874126e-01 1.249831416759548119e-01
-4.753059931856231657e-01 1.383755272755138321e-01
-4.325682355094961906e-01 1.004813942297460017e-01
-4.499254712994584793e-01 9.685651615714618856e-02
-4.277051362262707102e-01 9.343434979928133544e-02
-4.531164304245312024e-01 8.644892765252620848e-02
-5.278231317629114017e-01 1.010223989656253707e-01
-4.545345586797200355e-01 8.597565745407109716e-02
-4.633657531972126264e-01 7.283001566185021147e-02
-4.519647361517726836e-01 7.567289172914115625e-02
-4.212467008038611738e-01 5.704834362768451683e-02
-4.458468776120874111e-01 5.700262186996951641e-02
-4.438216090468536379e-01 5.648871622733508957e-02
-5.401090507294021847e-01 1.426216079080688814e-01
-7.207114746326070076e+00 8.582259698186192054e-01
-4.166276757555067434e-01 4.689391967590950117e-02
-2.003870088680191230e+00 8.815910112076608129e-02
-4.495135654528858993e-01 6.596875118364664559e-02
-4.522783936347405387e-01 5.597569860651674389e-02
-2.004024300036888917e+00 9.448528464275796068e-02
-4.169499227966699806e-01 3.982222171464400162e-02
-5.190579797363916725e-01 6.555029062369044368e-02
-4.335590247302452127e-01 4.720624342252222050e-02
-4.336000930956558364e-01 4.030758184887872630e-02
-4.485814604662810012e-01 4.440976640879057413e-02
-4.957595318861525158e-01 4.781179193003026739e-02
-5.383121499369352136e-01 6.858611818969961860e-02
-5.922551045357327126e-01 6.463729723472511068e-02
-4.301278983014285018e-01 3.441680875650376947e-02
-4.350813429165505397e-01 3.612615800741991734e-02
-4.179798454177525713e-01 3.728270057388272107e-02
-5.800596141144573892e-01 8.329478288553104903e-02
-4.492448190837166067e-01 4.681144490223232424e-02
-2.025073447435300267e+00 7.128435365561358594e-02
-4.672193559504158600e-01 3.582060526855457283e-02
-4.865860937952461995e-01 4.093357694588917184e-02
-4.825372525239099986e-01 6.427530305259665511e-02
-4.682614045233357558e-01 4.245392978663176109e-02
-4.326831682293921233e-01 2.823343974645808885e-02
