-1.750829951577816601e+01 2.751036579017756480e+02
-1.750829951577816601e+01 3.042658088579421474e+02
-5.954975825234442688e+00 2.819319811637132034e+01
-5.954975825234442688e+00 1.113347387388094489e+01
-5.954975825234442688e+00 5.987387012594723501e+00
-5.954975825234442688e+00 1.742307842336686008e+00
-5.954975825234442688e+00 2.969354582147616384e-01
-5.954975825234442688e+00 1.822816893709671149e-01
-5.954975825234442688e+00 2.301648939191522913e-01
-5.954975825234442688e+00 2.499048684071567550e-01
-2.761306887043079250e+00 1.510980496673292350e+01
-1.943865007383132948e+00 1.666739319089174387e+00
-1.963315162431971572e+00 8.622989606503494997e-01
-1.995764219196376033e+00 4.273159518333784490e-01
-1.993637709757354770e+00 4.524670487654702811e-01
-1.985085361283402960e+00 2.468486352324816835e-01
-2.004330713302341138e+00 2.218457569547354069e-01
-1.952507948973222440e+00 8.369410840316220401e-01
-1.958581906710735510e+00 2.802127793671047584e-01
-2.003081434690308527e+00 1.197052823057163096e-01
-2.012429309476194916e+00 8.754283936005435862e-02
-2.006054825859231450e+00 1.094351851109252038e-01
-2.013685035312464677e+00 7.055563565194233888e-02
-2.010721101835212465e+00 7.434325885279235990e-02
-1.978723608914718213e+00 8.392900931275448784e-02
-2.007572138064286804e+00 5.137574222948160241e-02
-1.984193125321468187e+00 6.859051519100489713e-02
-1.989427729772696551e+00 7.182577821248514738e-02
-1.965516146067056269e+00 9.879025921722472958e-02
-2.002758663526090999e+00 4.842775717776248712e-02
-1.976072606495392847e+00 7.129393310538034711e-02
-1.998847151229986352e+00 5.689369635928187563e-02
-1.975310484202932315e+00 8.686276246069724039e-02
-1.982809387778933896e+00 5.639767880910540043e-02
-1.978643423755535480e+00 6.128350538600102482e-02
-1.998288127289118421e+00 4.634372315615564730e-02
-1.993732779093956964e+00 4.801505807409967019e-02
-1.957597758275882782e+00 7.795461892143862315e-02
-1.988065201121202108e+00 5.422136055065607252e-02
-1.974370544008266393e+00 5.583224707285694421e-02
-1.973055467120762074e+00 5.341027995095259939e-02
-1.978013447237341182e+00 4.440991665651949916e-02
-1.976022785819948169e+00 4.775705705287691671e-02
-1.977492627350152077e+00 4.409296396386253036e-02
-1.977164735020505049e+00 4.143652386431995183e-02
-1.982531454973850416e+00 3.642566396752044966e-02
-1.976153979841653197e+00 5.142210831681381933e-02
-1.986073294085629826e+00 5.200476412966281714e-02
-1.982835395322558369e+00 3.775766615336806353e-02
-1.995294099943038191e+00 3.295778358531720187e-02
-1.990496839621528125e+00 3.250821663021952190e-02
-1.989033363797798160e+00 3.136952986761798456e-02
-1.995537081126242285e+00 3.086985522293161921e-02
-1.983299746566178356e+00 3.295252583896512988e-02
-1.993609124996824633e+00 2.834521874913775719e-02
-1.986588192159697286e+00 3.189375966925922512e-02
-1.996698437538990234e+00 3.299943682668526890e-02
-1.995420735265602374e+00 2.575047199405844367e-02
-1.998110990777714591e+00 2.442421273397599180e-02
-1.987706820028034116e+00 2.500553151429585341e-02
-2.008652686121140896e+00 2.665249354632237555e-02
-1.999067557304531562e+00 2.213849358145125734e-02
-1.976517008349643945e+00 2.765386098539579507e-02
-1.976325026001571672e+00 2.381822662755439524e-02
-1.982890562040815041e+00 2.728174359387480763e-02
-1.987253822716365192e+00 2.393951939953353758e-02
-1.997347368400628653e+00 2.150714714838386499e-02
-1.994018193974476105e+00 2.626391314151987899e-02
-1.976546116187329005e+00 1.972042965425657712e-02
-1.996379975445183419e+00 2.106051433935363093e-02
-1.985116959580626173e+00 2.225389904467078850e-02
-1.995014050406950901e+00 2.442851078879471061e-02
-1.990820071321106610e+00 2.145673552314519839e-02
-2.003669823144606177e+00 1.601951022200864827e-02
-1.985227916181980135e+00 2.368105642875661943e-02
-1.988405808897834248e+00 1.703648012076541818e-02
-1.993087557669838361e+00 2.113539938420672115e-02
-1.993564775463585903e+00 1.633351008970862495e-02
-1.983391540156347332e+00 1.724991816939791534e-02
-1.985472661966282359e+00 1.657715086466282628e-02
-2.001074865847017215e+00 1.466914408177899531e-02
-1.992772281514284316e+00 1.775768650256281944e-02
-1.991230942076937183e+00 1.713241642482898897e-02
-1.995810450212044174e+00 1.456505008485464714e-02
-1.981342965952874735e+00 1.485903011328559842e-02
-1.988528105813349711e+00 1.799441239100474377e-02
-1.986053511716509234e+00 1.934041031299216229e-02
-1.987430871506902008e+00 1.655250627203486147e-02
-1.995075497231358241e+00 1.480721207889246216e-02
-1.999239399689820118e+00 1.293209062976075074e-02
-1.994714621238342644e+00 1.337421015460904528e-02
-1.975382968666206551e+00 1.560254509760738983e-02
-1.984936605104815399e+00 1.668657565141984378e-02
-1.979379979817878166e+00 1.716221248014448975e-02
-1.987060792307604018e+00 1.444066349446870845e-02
-1.986134483229371028e+00 1.540355640389634573e-02
-1.990467558013824245e+00 1.504734355103209964e-02
-1.991808001959324059e+00 1.492857850101358963e-02
-1.984894628104489911e+00 1.267509306455849583e-02
-1.987160926846106790e+00 1.260702185382456264e-02
