-1.263560287087432812e+02 9.609776966722373004e+01
-5.954975825234442688e+00 1.482817949999243297e+02
-5.954975825234442688e+00 2.515195983733998020e+01
-1.750829951577816601e+01 1.673353585303592013e+02
-1.143694849694758986e+01 8.836405458679053027e+01
-1.637721984551001597e+00 8.613331690898306192e+00
-1.238604873931215877e+00 4.351805807822188399e+00
-1.227416211983634042e+00 8.990280156133820810e-01
-5.954975825234442688e+00 2.697217391377648710e-01
-1.214904827095725892e+00 1.740115300661955189e-01
-1.175374439850173758e+00 6.913362734397310305e-01
-1.249551692601581721e+00 1.304580036966598300e+00
-1.261780627163730628e+00 4.924648720215145659e-01
-1.198061635853401086e+00 1.345064905578112757e-01
-1.257472264105109261e+00 1.187702664753089721e-01
-1.276676297290922690e+00 9.219548006979039201e-02
-1.240291340099336281e+00 6.323710490464407030e-02
-1.233302559209080940e+00 5.454765039993958453e-02
-1.212829928803730084e+00 7.410664912782749525e-02
-1.217738095434357959e+00 6.234400794060945827e-02
-1.195377616225275830e+00 1.103482071059005420e-01
-1.223952431079101899e+00 6.326795065294277265e-02
-5.954975825234442688e+00 2.865221888131372907e-01
-1.212675596334962691e+00 6.254479121257361385e-02
-1.214468810908055474e+00 7.823420178888795817e-02
-1.212028106809750483e+00 7.200289586279495779e-02
-1.211593115825797540e+00 7.277976048642642581e-02
-1.208289652444351603e+00 1.466272336493688044e-01
-1.223536602952343344e+00 4.993466251656286659e-02
-5.954975825234442688e+00 3.531307390974944838e-01
-1.227299870433524731e+00 4.271078636098479819e-02
-1.213591455379695816e+00 1.338604127435445434e-01
-1.216560413850094946e+00 5.440050043957000980e-02
-1.240808257456979646e+00 7.672646816892836341e-02
-1.214551464315606566e+00 4.281731937383881359e-02
-1.217692309442382381e+00 3.747724798388674117e-02
-1.219613804647140753e+00 7.881767375307902057e-02
-1.236490385049693330e+00 3.220726117048400283e-02
-1.223151332592049556e+00 1.054878838412776076e-01
-1.212482281567089260e+00 5.114001842622428740e-02
-1.221151954601346290e+00 4.025155610072772561e-02
-1.206741716774686779e+00 4.635866515144471123e-02
-1.226152818358045238e+00 3.481383116219660678e-02
-1.231564729355797638e+00 4.634504151627538704e-02
-1.211643593659836426e+00 4.157257904998346021e-02
-1.221873263749458260e+00 3.359119379366859448e-02
-1.215953936561954052e+00 3.347228899178844586e-02
-1.218608158114992790e+00 3.356986191892019633e-02
-1.225061669790703078e+00 2.959165489190240805e-02
-1.221778198940887350e+00 3.662858355177434078e-02
-1.220767566418642147e+00 3.018457920356354407e-02
-1.235187844867821738e+00 3.273454903592210030e-02
-1.203555063632521183e+00 3.992431960935505231e-02
-1.232577472080389924e+00 2.871935633513089670e-02
-1.216938867245676903e+00 3.021895372206984121e-02
-1.228572806954757013e+00 2.738897553403774054e-02
-1.237166785519130840e+00 2.564659192033502677e-02
-1.218772133659664192e+00 2.923304832192741287e-02
-1.236411302241704036e+00 3.298893842537609089e-02
-1.232829870914798676e+00 3.579735242243486937e-02
-1.224580643150293469e+00 2.814361768172091161e-02
-1.232671930057222198e+00 3.266117873283747031e-02
-5.954975825234442688e+00 1.251753145277945123e-01
-1.230612502547169029e+00 2.577725726199275869e-02
-1.223137681707406443e+00 2.420154638309668371e-02
-1.223108702159720451e+00 2.158123149760626802e-02
-1.229352535430949800e+00 2.005433354915453492e-02
-5.954975825234442688e+00 1.385361341570074956e-01
-5.954975825234442688e+00 1.107284909115264782e-01
-1.227144374352169720e+00 2.541091986103083400e-02
-1.218655381326271936e+00 2.205459638287265989e-02
-1.231113125524906593e+00 1.962421102828670882e-02
-1.226965677657213760e+00 2.245394008434686839e-02
-1.229595860692688447e+00 1.939405507530977957e-02
-5.954975825234442688e+00 1.115967562241166888e-01
-1.246526569336264600e+00 2.491687124535246767e-02
-1.243274411014470004e+00 2.244737544617692038e-02
-1.237242203618407643e+00 1.857293663034909059e-02
-1.244748118180337926e+00 2.012424828225789497e-02
-1.240349889559603014e+00 2.566929368890669139e-02
-1.237172094431926439e+00 1.746073481197640831e-02
-1.261893553729963813e+00 3.333218332745957468e-02
-1.260281886560807862e+00 2.888899213726858761e-02
-1.235961682577409348e+00 1.498233844149865490e-02
-1.234363179978201330e+00 1.354270851166461398e-02
-1.228074075368393636e+00 1.641124341318800361e-02
-5.954975825234442688e+00 1.070273066005995588e-01
-1.234040777649980214e+00 1.916206478045978656e-02
-5.954975825234442688e+00 6.939729478163769727e-02
-1.236422020346093831e+00 1.582152738160402805e-02
-1.229178624711035894e+00 1.514730056510416034e-02
-5.954975825234442688e+00 7.814367583955572627e-02
-1.236818435971080987e+00 1.590815033611647777e-02
-1.233125160129320719e+00 1.507529346744718168e-02
-1.219042323871518008e+00 1.257076315626193264e-02
-1.231014470296614149e+00 1.533333662841585010e-02
-1.232225363192190670e+00 1.264009302508384280e-02
-1.244162447562283447e+00 1.444616419483679692e-02
-1.229894790041775821e+00 1.259045477598874641e-02
-1.235082084039923700e+00 1.480095624233968010e-02
