-4.690383060703522844e+00 2.464745208659233526e+02
-1.750829951577816601e+01 3.121998256765340898e+02
-1.276278684560582946e+02 2.507644892406053714e+02
-1.183663389861568227e+01 9.995152838197438427e+01
-1.166688056195498291e+01 6.510262933079552283e+01
-5.954975825234442688e+00 1.834603700316023378e+01
-5.954975825234442688e+00 6.246517684112177449e+00
-2.533435904787373794e+00 2.522387687796395994e+00
-6.100635941492442704e+00 1.059431371051263682e+01
-2.315252267172652090e+00 2.460260592181498396e+00
-6.159834019862291399e+00 1.160854227904997060e+01
-3.104956264842202884e+00 6.027872453789768770e-01
-2.914337843169567677e+00 6.511330639271761811e-01
-2.694112752376696562e+00 3.935442399891826426e-01
-5.363685901536526579e+00 4.123005629430849694e+00
-2.902578779765648598e+00 3.588509331951001968e-01
-3.123591764052437547e+00 5.318451852385805978e-01
-3.416207863942894996e+00 6.818364598472328453e-01
-3.198763432649014860e+00 3.046653257111131552e-01
-3.148960661538014350e+00 2.425404782038924623e-01
-7.016722418663287719e+00 6.402702638256414502e-01
-6.130693226638348037e+00 2.965701566414509216e-01
-3.731772410296260389e+00 3.402929229920914622e-01
-3.588060997425257526e+00 1.785254811927643459e-01
-3.444473704583057128e+00 2.322807906139416900e-01
-2.768836391700371102e+00 1.448860689978630489e-01
-2.917723319788713354e+00 9.022196498710854939e-02
-3.360733907607395210e+00 1.480297591755572739e-01
-2.994486671945168155e+00 8.369472295586888322e-02
-3.142517185454265061e+00 1.274467927700300152e-01
-5.489475417755034670e+00 3.824309738106421719e-01
-2.775037879192592705e+00 8.902827188205719722e-02
-2.928703519109548736e+00 5.821241464948911926e-02
-2.605692544188979554e+00 1.495600132734011822e+00
-2.542607088225116385e+00 7.749335457202164434e-01
-3.447928471420244279e+00 5.846598036810917165e-01
-2.577685334073233747e+00 8.522965563690831914e-02
-4.415316817100283231e+00 9.486700335875752899e-01
-2.600276289395075935e+00 3.168707550462102063e-01
-3.562220015740266810e+00 4.051858858382217932e-01
-2.357887648402774872e+00 2.484029209659013304e-01
-2.199612312538985925e+00 4.184400081084902467e-01
-2.446496810026630442e+00 6.941392502443477497e-02
-1.930783903588599415e+00 2.692335979983511152e-01
-1.031628046077327667e+02 2.724359332830694598e+02
-1.278103893801509017e+00 6.206946046949610718e-01
-9.895562393688575042e-01 1.152972389292074240e+00
-1.019790896111002709e+00 5.644800507149341229e-01
-1.005193063493441841e+00 3.658585025583818151e-01
-9.915380235660506969e-01 2.172000106437792510e-01
-9.536359689507847293e-01 1.637156966690724857e-01
-9.848242449556003919e-01 1.741325380501734799e-01
-9.768425696427094351e-01 1.578570822197207235e-01
-1.001438215940060772e+00 1.393038038390272959e-01
-1.147859820297663305e+02 2.883266799876914774e+02
-2.456184659827722605e+00 8.786718687332495392e-02
-9.801261614472771555e-01 1.225956551538160966e-01
-1.007191388268704912e+00 8.655929694171504707e-02
-9.490673812796899256e-01 1.353360833310546241e-01
-9.803920518047295474e-01 9.850697455081558473e-02
-5.672359316879467883e+01 1.682825491500802570e+02
-2.335599489001820217e+01 4.555436046854288179e+01
-1.302460071049603485e+00 2.856097934056549548e-01
-1.139985009853329956e+00 1.617629234840194385e-01
-1.106152498975815135e+00 9.802820578909177129e-02
-1.226856694152377969e+00 1.006211359031965458e-01
-1.335853871562585837e+00 1.937123540956520173e-01
-1.160946361427077633e+00 8.753273459453225769e-02
-1.602890009524077897e+00 2.590736150472707777e-01
-1.455871608199350575e+00 1.544886112196195427e-01
-1.352293199621145803e+00 9.608834234398955232e-02
-1.378264665036935455e+00 9.938676794652678836e-02
-1.729408983155583002e+00 2.375928495090988690e-01
-2.335244290654857835e+00 8.960860063481845827e-02
-1.553932721618069834e+00 1.228744219882571542e-01
-1.550100263551627222e+00 1.199606353963247329e-01
-2.333861508338799240e+00 7.080555701389812384e-02
-1.288795098401235961e+00 7.731951794704627901e-02
-1.331259425005020702e+00 7.802910372527094296e-02
-1.112409913369795333e+00 4.459438947725402613e-02
-1.261851341244730307e+00 5.402559203355394857e-02
-1.388516181453299581e+00 7.428913530773684215e-02
-1.204717025849229017e+00 4.668420787325544552e-02
-1.197483960355622656e+00 7.399545298136445126e-02
-2.335517789260407540e+00 7.611593220596546416e-02
-1.298079194669565339e+00 6.760330847467344029e-02
-1.514745413179024780e+00 7.607236687616136805e-02
-1.200312146534244562e+00 4.438911757023333848e-02
-1.469581832269550858e+00 6.643113662252631002e-02
-1.247465654773556309e+00 3.567646025243220720e-02
-1.191739588339823186e+00 3.122455735370976981e-02
-1.246288827108513075e+00 2.811648609790040609e-02
-1.188482324915909771e+00 2.964314132938739021e-02
-1.289801696672290277e+00 3.504001277127599678e-02
-1.181296472844442391e+00 2.710587434182798461e-02
-1.162003605517746507e+00 3.780895523320282336e-02
-1.154303874339854374e+00 3.388428215703243040e-02
-1.194266152366814993e+00 3.994864692978694620e-02
-1.087729527098735716e+00 3.476386061203129429e-02
-1.116789664431529161e+00 2.826316977075293835e-02
