-1.750829951577816601e+01 1.962833393424032380e+01
-1.750829951577816601e+01 1.320898284326857919e+01
-1.750829951577816601e+01 1.339931575046224133e+01
-1.750829951577816601e+01 1.158630706853102232e+01
-1.750829951577816601e+01 1.127575425795069286e+01
-1.750829951577816601e+01 1.060332353353761192e+01
-1.750829951577816601e+01 9.492756650243318717e+00
-1.750829951577816601e+01 8.518366036096434613e+00
-1.750829951577816601e+01 7.088966348458345834e+00
-1.750829951577816601e+01 6.630737074028365541e+00
-1.750829951577816601e+01 5.774030338966545273e+00
-1.750829951577816601e+01 5.719680465623552479e+00
-1.750829951577816601e+01 5.582570471245315247e+00
-1.750829951577816601e+01 4.547497245288884216e+00
-1.750829951577816601e+01 4.883197502798516609e+00
-1.750829951577813048e+01 4.267429211263301880e+00
-1.750829951577816601e+01 4.632562526809429926e+00
-1.750829951577816601e+01 4.360391646047595771e+00
-1.750829951577816601e+01 4.353687999650375673e+00
-1.750829951577816601e+01 4.144470239085489283e+00
-1.750829951577816601e+01 3.970886394477634695e+00
-1.750829951577816601e+01 3.360603416772626417e+00
-1.750829951577816601e+01 2.966504163376711745e+00
-1.750829951577816601e+01 2.993440610902172949e+00
-1.750829951577816601e+01 3.439026569044571602e+00
-1.750829951577816601e+01 2.594694663268072077e+00
-1.750829951577816601e+01 2.543488226344926773e+00
-1.820585582983082062e+01 1.602800531667193127e+02
-1.349219940947414784e+02 1.736063308883992988e+02
-1.934535513648302896e+00 1.776245131141433831e+01
-2.101102787814926209e+00 9.952185248195348777e-01
-1.849811102072617786e+00 5.385840035177267282e-01
-2.441198028328321890e+00 7.968510612176231689e-01
-1.959855284032192557e+00 2.586012426748283133e-01
-3.011000960926740078e+00 1.640023730757278031e+00
-1.863332298089428463e+00 2.017477483070422295e-01
-1.998742049289679912e+00 1.486163108040017278e-01
-2.228814318798052696e+00 1.857698592749272848e-01
-1.890095350013138997e+00 1.109856756566358627e-01
-2.303314396434893219e+00 2.150546098766881187e-01
-3.120798200139282663e+00 9.770783389585346868e-01
-2.228573703390537730e+00 1.977171046682855149e-01
-2.134249645772244186e+00 1.312949805781471468e-01
-2.353439942880927838e+00 1.787731101688478930e-01
-2.000620765405703771e+00 7.796723743823008590e-02
-2.003040381873322673e+00 6.341591585487549310e-02
-1.850136482730691867e+00 8.957997723395294543e-02
-1.951016569083623864e+00 6.409329856499823563e-02
-1.927951286178469559e+00 7.155996353876048488e-02
-1.853820035032846647e+00 8.913116158629463825e-02
-5.954975825234442688e+00 1.420401943187755478e+00
-1.851860258160597184e+00 9.207545899157310032e-02
-1.884246123697646880e+00 5.090548194417010563e-02
-1.863671403162923568e+00 8.336183919503525885e-02
-1.877625174310717071e+00 1.096239816534136935e-01
-2.094923915182373975e+00 9.077080691049843608e-02
-1.852342218676701791e+00 6.263638544427863053e-02
-1.873313288162320234e+00 5.452090233123385588e-02
-1.859135604078918647e+00 3.801508764269101448e-02
-1.853028308250584288e+00 5.690603661250293044e-02
-2.105738800545378098e+00 7.427993406912491992e-02
-1.859092691789461682e+00 3.250839268226002332e-02
-1.850067564539966014e+00 4.253093610407177039e-02
-1.852218206806114154e+00 4.739465894715522154e-02
-1.877444074663536355e+00 3.008544769821241971e-02
-1.867618288551270211e+00 2.683673619593207604e-02
-2.005471438349412772e+00 4.035231636449054804e-02
-2.006925474706790169e+00 4.781130405828548646e-02
-1.890594122536205290e+00 2.741443378748442683e-02
-1.889808140536754166e+00 2.731484013521878751e-02
-1.955141345854322310e+00 3.511898574117822136e-02
-1.884078839906999647e+00 3.445978251730252850e-02
-1.950361249746929815e+00 2.931570431002228361e-02
-1.965799091614691463e+00 3.576610973189531251e-02
-1.956643947616287349e+00 3.069660312380051437e-02
-1.931082478837467420e+00 2.419289366454790979e-02
-1.901316522110706231e+00 2.271765289459892756e-02
-1.882127517462407695e+00 2.655091855550040236e-02
-1.895837177437220689e+00 2.547292295972169995e-02
-1.900429687226049325e+00 1.949237972166883992e-02
-1.893095063132150813e+00 2.303487580525143130e-02
-1.873036328727611277e+00 2.180715280205447471e-02
-1.994217078523840669e+00 2.514185534600699157e-02
-2.039785873612002476e+00 2.991541944895459437e-02
-2.162806186459984126e+00 5.313772888167989095e-02
-1.942895333264342383e+00 2.383752844851017016e-02
-1.868752650052524444e+00 2.402699047239309493e-02
-2.047546220066299938e+00 3.512387999104760183e-02
-1.875996864193178126e+00 2.038752267627330639e-02
-1.874131977689645012e+00 1.789942457251925134e-02
-1.864010215024089590e+00 2.071608808232383581e-02
-1.872264207948704851e+00 2.199455881913081612e-02
-1.938854538763726154e+00 1.879473397674757962e-02
-1.949577016128630547e+00 2.158394131710394959e-02
-1.937247428711730279e+00 1.624680378789378210e-02
-1.941498968498549971e+00 1.611349672315043335e-02
-2.003392605161565143e+00 2.255293606776831439e-02
-1.975294593225019213e+00 2.204689615014387982e-02
-2.057989296336637963e+00 2.382606912108542474e-02
-1.915878126556885164e+00 1.648882866250289680e-02
