-1.750829951577816601e+01 1.475968705191637014e+02
-2.747543762452181113e+02 1.525086892577510014e+02
-2.957105247190732911e+01 2.395052742932766137e+02
-1.372731978399974082e+02 3.029184514512440387e+02
-5.954975825234442688e+00 2.092104970472057062e+02
-2.847457189475259831e+00 3.750747435601348911e+01
-4.607517497659694428e+00 1.187744858390644254e+01
-2.275910843482255252e+00 9.965267150155739273e+00
-2.386092167512405382e+00 7.292792497970935983e+00
-1.973339814649587964e+00 3.274466133315740990e-01
-1.961103407432515766e+00 4.267799388636035474e-01
-2.016630543706408929e+00 6.723746259280005688e-01
-1.965792092830902504e+00 3.063776549255123882e-01
-1.955194464988785796e+00 8.725451338037544247e-01
-1.975196016642183139e+00 1.416337377759191440e-01
-1.959809920579996145e+00 1.400189788715238137e-01
-1.969761129273665645e+00 3.244614273940555904e-01
-9.311810512410048091e-01 7.478471522084930712e-01
-9.528472910723930767e-01 4.210465986190570220e-01
-1.120363687680505649e+00 4.958558662380028181e-01
-1.350824361312300326e+00 2.702814961268700245e-01
-1.984330905150079261e+00 1.929554957770562851e-01
-1.090941620217511954e+00 3.335647459862229880e-01
-9.120724636476396086e-01 1.391817785430475851e-01
-8.807978287893707403e-01 1.827360999687357435e-01
-1.018905101780205769e+00 1.359949177850978685e-01
-9.225716029888513248e-01 1.449843041136773536e-01
-1.036553485554561505e+00 1.507555364939605624e-01
-9.823588375265241979e-01 1.225423231519471301e-01
-9.968190450206471098e-01 1.030318619642969225e-01
-9.525384710998601179e-01 1.070418239313255526e-01
-1.201599384017631778e+00 8.193075199784516371e-02
-9.255790035963382678e-01 9.148392417841932911e-02
-1.239660080722257973e+00 1.111136899536973033e-01
-9.999104929841475808e-01 5.380793577162990005e-02
-1.955591491055082898e+00 1.361455311038355376e-01
-9.182741018853501913e-01 8.479877940186497653e-02
-1.037157732569495394e+00 4.949233652737916600e-02
-1.024822172491163030e+00 5.431466813672614080e-02
-9.526520407340210994e-01 6.409121511674698013e-02
-1.177524971952278676e+00 5.773918939112832049e-02
-1.031534998563184757e+00 3.943216830046480936e-02
-1.009896903595814521e+00 4.449908529073809405e-02
-1.053213557712068038e+00 4.542833227856135636e-02
-1.026917612001696511e+00 4.130980215734325611e-02
-1.280869306722472345e+00 6.568590401366236620e-02
-1.028045406769770409e+00 4.167680541894469570e-02
-1.304343302668828031e+00 6.391164852988140410e-02
-1.094250844184532667e+00 5.009726147420678899e-02
-1.970178814815010782e+00 9.837710024581269863e-02
-1.153936916904656940e+00 3.966690579315468312e-02
-1.134793196624466205e+00 3.098100457626173920e-02
-9.623263834181248200e-01 2.924718831363293248e-02
-1.979171863661324693e+00 1.089115322922395990e-01
-9.078435142367684563e-01 3.128127019817839027e-02
-1.124363992872325468e+00 4.056807029635933759e-02
-1.315867445576810013e+00 5.978986868214519745e-02
-1.074860051858145482e+00 3.224041129408306006e-02
-1.008139132793495207e+00 2.420469769859323605e-02
-1.045849883328294538e+00 2.399418614757564683e-02
-9.996851846069638725e-01 3.481138969371500025e-02
-9.362091313517417746e-01 3.600239597824383964e-02
-8.655707571308539627e-01 3.819202575189706295e-02
-9.657550053850272320e-01 4.674694753714447870e-02
-1.013846919815261316e+00 4.426438297076629169e-02
-9.230789589958625641e-01 5.498636507869036905e-02
-1.977810879548249190e+00 1.114572520161516422e-01
-8.666347216869478842e-01 4.237365988691976781e-02
-8.902819439019946657e-01 3.561484194651143298e-02
-9.719938358234383458e-01 3.372126198974001454e-02
-8.379029162645164064e-01 5.062239198264251172e-02
-7.697463123176948585e-01 4.293923224031459540e-02
-8.830414243231512472e-01 1.225141549370221128e-01
-1.965906858592658679e+00 1.182611843489667081e-01
-8.338066343065246855e-01 5.555201961618649875e-02
-9.458474030239223396e-01 5.611202517420110780e-02
-8.438228442690789421e-01 2.782886551329966096e-02
-8.450343887790587871e-01 2.395613154789089094e-02
-9.459788082774664986e-01 3.300468080072960220e-02
-9.691915495806622260e-01 3.033042467160385058e-02
-9.810867196643169308e-01 4.722806926363887214e-02
-9.095112804748524127e-01 2.515230042163807411e-02
-9.180831321601772288e-01 2.268868011043423394e-02
-9.635645758799054050e-01 3.230518321518616176e-02
-8.323087409016309834e-01 2.130164159692071735e-02
-8.515588602414609909e-01 2.012431279635507053e-02
-8.896917593499811261e-01 2.089946655607377579e-02
-8.762350238143916670e-01 2.306569108790768041e-02
-8.368257183636913510e-01 1.935132143302098484e-02
-8.597279625635110278e-01 1.589844979781673828e-02
-8.914434619837852125e-01 1.543676337496435735e-02
-9.083801365257091476e-01 2.323304669323533744e-02
-8.605291284796869888e-01 1.927176813191522342e-02
-8.548128042506579760e-01 2.225333698649478720e-02
-8.373583867712266482e-01 2.550511341999595061e-02
-8.671710828465819532e-01 5.908540077413704239e-02
-8.971445493087824019e-01 5.324855933429262222e-02
-8.343276554218910235e-01 2.446285570491113504e-02
-8.897481933654844966e-01 4.525585467877135670e-02
-8.441974326502776904e-01 3.285275423607458833e-02
