-6.930735899362574060e+00 1.482174257750406809e+02
-1.065037085409318252e+01 9.402351462344410038e+01
-7.552008937385476628e+00 1.234939221179529056e+02
-5.138221374435909894e+01 1.367960391901667379e+02
-5.954975825234442688e+00 5.065109549852232362e+01
-7.659523962068820424e+01 2.442520899400053622e+02
-1.933340311736730044e+00 8.748627358255447461e+00
-2.306957129512975158e+00 3.863053249183508342e+00
-2.366931647202138222e+00 3.259448143814609011e+00
-1.797240078815915965e+00 2.359698605183183417e+00
-1.828495094821147404e+01 7.436532136740089527e+01
-1.682670386747327385e+00 6.193933143317025269e+00
-4.264579550614779890e-01 7.064952828660577211e+01
-1.207741500435512094e+00 8.154447633742165635e-01
-2.112631593380998041e+00 5.820392405383842060e+00
-3.623136034953850171e+00 1.169935689551961389e+01
-3.517226171885047492e+00 8.535180558387082783e+00
-3.175080371153651271e+00 6.042304220182813879e+00
-1.143188342416788572e+00 1.334189986320012622e+00
-1.418140020439713211e+00 2.923971310455613093e+00
-1.437270069270304873e+00 1.604357266122093506e+00
-2.039351904207853394e+00 2.667209518528011358e+00
-1.030300629446763594e+00 2.551279851604704163e-01
-9.514852680714867006e-01 3.318595298164552787e-01
-1.087795041389057360e+00 2.212942834309217233e-01
-9.710276379593558715e-01 1.088585954723839677e-01
-8.762075465732710455e-01 2.107763255945940273e-01
-8.658775765714743500e-01 1.528043480919905051e-01
-7.837772539069192135e-01 1.820287352306024786e-01
-1.190328693761070866e+00 9.190507158821219491e-01
-1.021853954630687511e+00 9.184723853308867092e-01
-8.094262964100806812e-01 1.185265654955003356e-01
-7.576356685023792892e-01 1.326247743449471272e-01
-8.229661495711475538e-01 9.065838539265769214e-02
-7.080186764528679788e-01 8.956851050912746359e-01
-8.767762316762333086e-01 6.536544940505564227e-01
-5.817210512029067360e-01 2.730274684382436590e-01
-8.371396739924392705e-01 8.324313744316214070e-02
-6.814000488362506047e-01 2.351546940638797878e-01
-8.266463454418655488e-01 1.038387082617759916e-01
-6.128575991848439486e-01 8.201840263356530158e-02
-7.190699201619707992e-01 1.198206037626050602e-01
-7.958639020046209822e-01 1.228053449338517567e-01
-6.690364530556465184e-01 7.789624624513180606e-02
-7.603060318626884140e-01 1.024561414913591761e-01
-5.164237246683267557e-01 8.685751793194640413e-02
-6.255439783962071232e-01 7.680855838512457012e-02
-6.377608612471128424e-01 8.367078803522076669e-02
-5.688559802002739474e-01 5.675588172485390714e-02
-5.793154495843602092e-01 6.184397252673079493e-02
-5.747445241963085039e-01 5.113518193761024122e-02
-5.535911194681659708e-01 3.600520434451937035e-02
-5.671026254427147251e-01 3.810935084453603849e-02
-5.373891006006630278e-01 4.979810251788308051e-02
-7.880732834407897514e-01 8.252937518750513846e-02
-7.633308544063961421e-01 9.596292458510902179e-02
-5.715982020061680657e-01 3.840257836588989449e-02
-5.129680077702616359e-01 2.682601814103691140e-02
-5.685662531766020322e-01 3.418176096218417115e-02
-5.639784069747904027e-01 2.818285426025113338e-02
-6.189491994902365235e-01 4.774586818351167494e-02
-6.379400300374395982e-01 4.670921618455281532e-02
-6.304681931395474948e-01 3.924032833512569596e-02
-6.533586703145850549e-01 4.951339938580190392e-02
-6.278564201747958151e-01 3.849596365159868583e-02
-5.799207544203923703e-01 2.648912169496497881e-02
-6.212502999386266822e-01 3.350445288049286319e-02
-6.189684605250498350e-01 3.183948778985268291e-02
-8.193711008565021103e-01 9.124233264071790472e-02
-8.248585010716791288e-01 7.117306452275329320e-02
-6.419671693067794394e-01 3.406563156534048176e-02
-6.333503823128481258e-01 3.375786084535548071e-02
-5.839266394397508719e-01 2.345727266063590832e-02
-5.731652748645750250e-01 1.820382240907747473e-02
-5.662695910359953899e-01 1.876941428594136596e-02
-6.038308935467444627e-01 2.201713858173093286e-02
-5.582317538016283720e-01 1.951886482186182548e-02
-5.945227530870909050e-01 2.235993626311483240e-02
-7.767603897075403552e-01 1.013070507229372197e-01
-5.860895650791171363e-01 2.066891410774474025e-02
-5.645565648573072082e-01 2.573807640192171675e-02
-5.840349270687852368e-01 1.746452083773419872e-02
-5.535362895500064440e-01 1.761742474658944957e-02
-5.996789941576512462e-01 2.051809081845590299e-02
-6.535535386899642418e-01 3.045415253254191157e-02
-6.121640760717337315e-01 1.972737757026266081e-02
-6.253813019952758623e-01 2.036830290907687413e-02
-5.912572278398720016e-01 1.859479407232811354e-02
-6.115517349050865192e-01 1.869469492817188438e-02
-5.857986795121039592e-01 1.515852437171361089e-02
-5.973296489735879788e-01 1.746103109488217342e-02
-6.001467453369198068e-01 1.610545349757330769e-02
-6.317978188553468044e-01 1.918060373682806130e-02
-5.468198947660631859e-01 1.475199511253322271e-02
-5.888059395506601845e-01 1.364973486315079754e-02
-5.892085615336757343e-01 1.496936056437903062e-02
-5.599920755930014593e-01 2.054835184614489663e-02
-5.653596016936415225e-01 1.260514195300288520e-02
-5.730407994664670213e-01 1.278216253666641933e-02
-5.807355726936727081e-01 1.265386756921316191e-02
