-1.750829951577816601e+01 2.521681114860529647e+02
-2.074733775323996099e+01 2.655359352236829409e+02
-2.069960106792808396e+00 2.234972429382906398e+02
-2.403083412161525878e+00 1.236973074121765137e+01
-1.969064254815602766e+00 4.907392487735165787e+00
-4.877644639706065099e+00 8.485347229249626366e+00
-2.956138091685390989e+00 3.254128385326794159e+00
-3.282491026820892444e+00 9.610951599416949875e+00
-1.852287181081678114e+00 9.601519883566709268e-01
-2.533109279997875163e+00 1.078737699462379851e+00
-5.954975825234442688e+00 2.814722263051265827e+00
-2.978178733879695450e+00 1.154588329374348632e+00
-1.997624297655338665e+00 9.136348862349734645e-01
-1.864050283935908325e+00 1.565534938614803195e-01
-2.407735591413054266e+00 2.241264726241638527e-01
-2.293113850468047943e+00 2.382566836660089393e-01
-2.054876801426231303e+00 1.082453235141258574e-01
-2.173367676381960933e+00 1.231905694377815053e-01
-2.513026629443046112e+00 2.617688480274722451e-01
-1.972470364829192135e+00 1.381237487045723356e-01
-1.852591291759990710e+00 2.102417054358625137e-01
-2.112043244321458957e+00 1.363216773535214088e-01
-1.857605213875626049e+00 1.955339783070684234e-01
-1.855665513016809598e+00 1.564968149880314741e-01
-2.137073426767575945e+00 8.514692379783639353e-02
-2.101583737993800938e+00 9.560404645279163560e-02
-1.918806012209106626e+00 8.303740496371858626e-02
-1.857234734964535505e+00 1.709508557509309412e-01
-1.971749197531938336e+00 7.034693189015683856e-02
-2.090745740909435213e+00 6.375885563085148533e-02
-5.954975825234442688e+00 2.686120386418622275e-01
-5.954975825234442688e+00 2.110551618326326206e-01
-1.911299063301433065e+00 1.027573046175120908e-01
-1.859132744821229366e+00 1.230420513694241436e-01
-1.927033745445797308e+00 5.813125575386379751e-02
-1.853700220755092332e+00 9.764973773717144923e-02
-1.850548673883514184e+00 1.107271579134447848e-01
-1.869207247998897259e+00 7.020823990421831695e-02
-1.945294528539985635e+00 5.243893088129425450e-02
-1.855954338052988817e+00 7.634185938400150917e-02
-1.850983337112138472e+00 7.110618000436375041e-02
-1.903115995549979900e+00 5.520124966000139466e-02
-5.062214218216328021e+01 2.708792937988330323e+02
-1.862282990263867788e+00 4.467976136794504782e-02
-1.862082958847942393e+00 4.882030444187535068e-02
-1.873127851349208228e+00 4.852883090021009593e-02
-1.888667248628964401e+00 3.929526373238445558e-02
-1.876871513274544157e+00 4.216365993300996706e-02
-1.865283811161907224e+00 3.504336804364527325e-02
-1.890845290902557707e+00 2.893806990958580627e-02
-1.860040716635102953e+00 5.645283432986047956e-02
-1.861193584422922598e+00 3.323210376302654367e-02
-1.862673414871036215e+00 3.898697159328889938e-02
-1.857934715260309844e+00 4.139883108095432362e-02
-1.017424103179999832e+02 2.604899468075923323e+02
-1.856266191325399717e+00 4.621496799963153990e-02
-1.852159759335027189e+00 4.671402309057270941e-02
-1.882254270709715627e+00 3.714182112986463835e-02
-1.884084653039165502e+00 3.033074160319415569e-02
-1.892164197841418982e+00 2.884486340681746697e-02
-1.880867201200787875e+00 3.213494198627131482e-02
-1.879573569020985602e+00 3.009568365608572549e-02
-1.872757642385904475e+00 3.040034267311853000e-02
-1.884430807839688526e+00 3.122665943939750832e-02
-1.875248968296544305e+00 2.361488036521564027e-02
-1.904420714443311624e+00 3.380663820726681479e-02
-1.874645098056557657e+00 2.473640466851634301e-02
-1.891954395222915863e+00 2.598539772438357431e-02
-1.878619737129595180e+00 2.233862248152718166e-02
-1.875306699765962648e+00 2.643780172245158155e-02
-1.879130489223037159e+00 2.521322637625189600e-02
-1.887671444713097557e+00 1.978240286928212299e-02
-1.894125899987223249e+00 2.198897227606266824e-02
-1.889796781384813329e+00 2.286204242865608194e-02
-1.884303777199484387e+00 2.132350077329192573e-02
-1.887154288322076212e+00 2.377279005267496359e-02
-1.898150043605358661e+00 2.438863793986456585e-02
-1.875166066951539534e+00 1.661011496767628159e-02
-1.888335283705133705e+00 1.772954885694844052e-02
-1.894964669649045419e+00 2.141371257658875038e-02
-1.875980357180806024e+00 2.192764634463628681e-02
-1.895714684716168108e+00 2.191430823597784183e-02
-1.887525506189536628e+00 1.854824476143335232e-02
-1.896521796843209984e+00 1.882807256643559413e-02
-1.897340884112914239e+00 1.707149454907153086e-02
-1.890543711249366154e+00 1.740513613449934383e-02
-1.892507198963498283e+00 1.434634684085267509e-02
-1.892622921264086600e+00 1.602032880005310744e-02
-1.856979220427183108e+00 2.003075191373682173e-02
-1.904038113184586933e+00 1.579657887864982513e-02
-1.907822220483783582e+00 1.624411828336747021e-02
-1.897624475651710441e+00 1.468942011001672654e-02
-1.892508572112998166e+00 1.292893561577557193e-02
-1.901760377198932872e+00 1.446248602877631129e-02
-1.889571451921238321e+00 1.434796564069529268e-02
-1.913234120362718116e+00 1.831655138880705636e-02
-1.904631574396612237e+00 1.403288428832638601e-02
-1.908416506525524525e+00 1.446633369059213692e-02
-1.901675616797078305e+00 1.219901299953107809e-02
-1.887181827235261622e+00 1.357620430397332711e-02
