-2.747543762452181113e+02 2.157927816881606020e+01
-1.458721908793955606e+02 3.170524628931180189e+01
-5.954975825234442688e+00 3.333896756473156131e+01
-5.954975825234442688e+00 5.531192009910283502e+01
-6.408440584601660106e+00 2.150443160359116348e+02
-5.535649309392230322e+00 2.287645398416699436e+02
-5.115468557344687639e+00 2.077870670583370156e+02
-1.750829951577816601e+01 3.256987481359735739e+02
-9.119928330069907219e+00 3.203480486718744942e+02
-8.070494147821369424e+00 3.352042596510263479e+02
-1.934798123992742660e+02 3.258888977409679910e+02
-1.943365280655355889e+02 3.524165309605864422e+02
-6.797418561626684230e+00 2.323672697693424993e+01
-1.942799817469206403e+02 3.497446535864966108e+02
-5.954975825234442688e+00 2.699488071787379084e+01
-5.954975825234442688e+00 2.097373111504242615e+01
-5.954975825234442688e+00 1.679140921685430499e+01
-5.954975825234442688e+00 1.276709007920959493e+01
-5.954975825234442688e+00 1.197341165221720871e+01
-1.323814997856904263e+01 3.680209841095179968e+01
-5.954975825234442688e+00 1.074438764530408719e+01
-5.954975825234442688e+00 7.204614722657368020e+00
-5.954975825234442688e+00 9.008725209156153824e+00
-5.954975825234442688e+00 5.723810159006148979e+00
-5.954975825234442688e+00 7.405098320920274091e+00
-5.954975825234442688e+00 5.009045958693405964e+00
-5.954975825234442688e+00 5.639960241147932152e+00
-3.355918305632897614e+00 1.648684608637759652e+01
-2.537950557648956718e+00 6.856203699369231686e+00
-2.449149844603739190e+00 5.176037337886924661e+00
-2.624856020750638841e+00 4.574790654359603082e+00
-2.956811838363902822e+00 1.646486164055237111e+01
-3.553546948039183917e+00 1.340556763369431792e+01
-2.443597369992594359e+00 4.654040069240608091e+00
-2.469820254678396054e+00 4.566625502828529193e+00
-2.310364178784106493e+00 3.196663977954443681e+00
-2.485628233351968142e+00 3.737676464520419017e+00
-2.528000701883514445e+00 4.062179125087979514e+00
-2.322880429260525403e+00 3.135484424558214300e+00
-2.361164113221307481e+00 3.076705533260309267e+00
-2.354443668526528199e+00 2.904899078874194629e+00
-2.401953104950340645e+00 2.450634830496184691e+00
-2.366991283012857217e+00 2.501545203782981730e+00
-2.312241157091258437e+00 3.069241377937714788e+00
-2.637929320714234471e+00 2.623063891794828351e+00
-2.380581869302178077e+00 1.936466387104331943e+00
-2.666334371768357414e+00 1.004287770465542451e+01
-2.457365095690602352e+00 2.611749344316251609e+00
-2.363030791737752878e+00 2.123781519411807039e+00
-2.367677169476530175e+00 2.205166709569681416e+00
-2.353060375858218478e+00 2.130289786089605286e+00
-2.438575606658762496e+00 2.028666675036575384e+00
-2.459464702686708470e+00 1.738080269899427321e+00
-2.352087139700040019e+00 1.162455384330769448e+00
-2.410039470216983837e+00 1.501887618456606788e+00
-2.335719962441688224e+00 1.217572589624808188e+00
-2.369910189536014400e+00 1.044685551043670557e+00
-3.059746935484460195e+00 7.431416264258729143e+00
-2.407642605516710610e+00 1.114877227714416108e+00
-2.365928782721321788e+00 1.251522154847492629e+00
-2.351173507072421565e+00 6.687326662416523959e-01
-2.368564456480640068e+00 6.382797063694923168e+00
-1.883663301918614863e+00 1.455512980406069801e+00
-2.361622143335658564e+00 1.200094906424823193e+00
-2.018905645408734628e+00 6.310502465895751811e+00
-2.331603082125407234e+00 6.382082616142099596e-01
-2.378498495049722550e+00 7.530754105661969788e-01
-2.356590119729627730e+00 3.211291594902832003e-02
-2.355702108606352319e+00 2.712735467491711461e-02
-1.993900834339420669e+00 2.232912970022880472e+00
-2.360271546316718982e+00 2.676922912945656208e-02
-2.360823789852895871e+00 3.283239605605103861e-02
-2.358471445506986619e+00 2.957132737839174297e-02
-2.368110515837644314e+00 3.039911620243174184e-02
-2.004151105795277665e+00 2.072643675172969324e-01
-2.361590898040626385e+00 2.705588634347577681e-02
-2.331792677933568037e+00 3.511624554761283434e-02
-2.358424218625012614e+00 2.023489617897666903e-02
-2.371350804734335682e+00 1.915263656624688338e-02
-2.344545056224316859e+00 2.263248677488149951e-02
-2.362586725837847013e+00 2.018581110726813677e-02
-5.484073492740545674e+00 1.208332040256408391e+00
-2.368254898298363109e+00 2.077642092285714170e-02
-1.955615220085370254e+00 2.425816465578236603e-01
-1.956502838892538065e+00 2.336598705969947787e-01
-2.356746635963823167e+00 2.105900157036444398e-02
-6.034760562351907609e+00 1.227686566124759793e+00
-2.367074771491653351e+00 2.182708388730247862e-02
-2.355008508077048646e+00 1.860978302224225445e-02
-1.926553911409904174e+00 2.235055064919322376e-01
-2.350660721068804193e+00 1.963281870254718342e-02
-2.350279254054664868e+00 2.468833159360883656e-02
-2.338173880345044253e+00 2.288792357134639133e-02
-2.354484164188625606e+00 1.817833656144784982e-02
-1.873692045340032308e+00 2.683304925780305439e-01
-1.863800611131843254e+00 2.514211535745687343e-01
-1.881695185380282354e+00 1.822644137974691603e-01
-1.863055959154403141e+00 1.860722838035258064e-01
-1.859172704900441175e+00 1.838835731357733039e-01
-2.359335027041512767e+00 2.232157659528866134e-02
