-2.747543762452181113e+02 1.781364824578828987e+01
-1.750829951577816601e+01 2.346422381164177295e+01
-1.750829951577816601e+01 2.623796989747784636e+01
-1.750829951577816601e+01 1.824222690879437536e+01
-5.954975825234442688e+00 1.286029290928001956e+02
-5.954975825234442688e+00 4.611596229956447246e+01
-5.954975825234442688e+00 2.400769453730654135e+01
-5.954975825234442688e+00 2.257183407398147068e+01
-5.954975825234442688e+00 1.790572900470882445e+01
-5.954975825234442688e+00 9.250649916816946927e+00
-5.954975825234442688e+00 1.019790680535081151e+01
-5.954975825234442688e+00 9.413660478641766360e+00
-5.954975825234442688e+00 1.031388359038982827e+01
-5.954975825234442688e+00 9.185618531209492232e+00
-5.954975825234442688e+00 7.352157826964678122e+00
-5.954975825234442688e+00 5.160789267639117384e+00
-5.954975825234442688e+00 6.529245344235434345e+00
-5.954975825234442688e+00 5.375997614540132474e+00
-5.954975825234442688e+00 4.402701788295054541e+00
-5.954975825234442688e+00 3.860581161764486069e+00
-5.954975825234442688e+00 2.504461407309882759e+00
-5.954975825234442688e+00 2.150617082452050965e+00
-4.869088201807300287e+00 1.065835123615028124e+01
-4.103129656408277981e+01 7.992782293759462675e+01
-3.658754715550449532e+01 8.149465474760802408e+01
-3.659552754191396673e+01 1.999804459252255526e+02
-9.956845704619301074e+00 7.129540852909039472e+01
-1.198073564915747014e+00 3.740240986201442297e+00
-1.794471279899870098e+00 1.259158307394996257e+01
-2.014310103691305365e+00 9.037527023006511229e+01
-1.984844835785052553e+00 9.543438463396171301e+00
-9.792602038513127383e-01 4.861949448433009024e+00
-2.308150051991531448e+00 5.287248371740275843e+00
-2.444232235105769035e+00 4.635971459998430078e+00
-2.348424631083678271e+00 2.787264571654120004e+00
-2.287248011612921239e+00 1.596617399038947838e+00
-2.130045649619468406e+00 2.537992253059400127e+00
-2.092686722280199696e+00 2.603937462615661502e+00
-2.606833457117323505e+01 2.450209016033516320e+02
-1.604019231399622640e+02 2.372390270953455342e+02
-1.610074724910719510e+02 2.524061584257767095e+02
-2.388320811903826169e+00 2.027180586454718991e+00
-2.111942763121747113e+00 2.343669858347681156e-01
-2.439375188843159847e+00 8.755512638286404581e-01
-2.159725758501313209e+00 8.888921862163385867e-01
-2.615849722814832745e+00 5.524323167468594420e-01
-2.295871588133179486e+00 5.434424564514301892e-01
-2.222038405514862092e+00 8.840018607931199313e-01
-1.031657647508268383e+00 5.108029388580064278e-01
-2.350003657119620115e+00 5.001427426079629868e-01
-2.167972379889084422e+00 5.008516185485234473e-01
-2.344843808378935357e+00 5.279912586465087543e-01
-2.128068300706611460e+00 2.519309916033876107e-01
-2.369384893672484615e+00 3.022522578044686270e-01
-1.019010341839369005e+00 3.561596497404764250e-01
-1.138139708945557160e+00 2.163298480573416782e-01
-1.069255790750149870e+00 2.345813001004444232e-01
-1.097273466158606325e+00 2.018435742673432287e-01
-2.007319724295084207e+00 3.006446366070747445e-01
-1.118109850513651082e+00 1.320007502000919430e-01
-2.089860378209799308e+00 1.893762422699580839e-01
-1.055586794055717093e+00 1.786951620346712843e-01
-1.058179008910350660e+00 1.391241744478293185e-01
-1.035151295568880414e+00 1.362933132974148975e-01
-9.727198280312236989e-01 1.680438076171526518e-01
-9.908046312025362568e-01 1.298725319527704869e-01
-1.999961698370038121e+00 2.356412912877772214e-01
-2.047816655000143093e+00 1.955383125030039082e-01
-1.054324558654636590e+00 9.108965713855354807e-02
-1.107447550349133891e+00 9.859556028803240224e-02
-1.092359325430587447e+00 7.140173524314263886e-02
-9.986544224984292839e-01 7.451929550950353587e-02
-1.063872925231763134e+00 4.931598506317413921e-02
-1.011913510092142587e+00 1.197594981996701335e-01
-1.054065392380190147e+00 6.667233927424831563e-02
-1.054133666863437568e+00 4.887484465808711320e-02
-1.054080076322311044e+00 5.592661396281073394e-02
-1.134772957645733271e+00 8.478234931101269467e-02
-1.071077423564322117e+00 5.743067975322446728e-02
-1.125803473960882428e+00 5.780699140868250652e-02
-1.096003698555856332e+00 4.722811743937427309e-02
-1.037696853194960411e+00 5.564098123858229883e-02
-1.080869158343194414e+00 4.288255172878052690e-02
-1.027418220502216428e+00 4.598076770298575866e-02
-1.090055939594462231e+00 4.304371598379930219e-02
-1.113171563322717716e+00 4.492465052933880543e-02
-1.095407608003439393e+00 3.768470489902142617e-02
-2.098227303615318284e+00 9.482406567880730108e-02
-1.051032599956213787e+00 4.290460257914219255e-02
-1.109132359554594771e+00 3.188112542545695760e-02
-1.025797041861270742e+00 4.307789527257455120e-02
-2.092959055271789381e+00 1.040246652054008791e-01
-1.061913664782911937e+00 3.535239256891031800e-02
-1.091007240713773641e+00 2.725293224517599810e-02
-1.095122366512057965e+00 3.180573960906940556e-02
-1.091903718588804750e+00 2.892281018642961499e-02
-1.091361558354877914e+00 3.145788469929300391e-02
-1.095818125506680119e+00 2.970506516641080452e-02
-1.073082767177679031e+00 2.821042410707264025e-02
-1.084186905860974548e+00 2.454775110800255788e-02
