-5.954975825234442688e+00 1.835872638485957964e+01
-5.954975825234442688e+00 1.484701775557526204e+01
-5.954975825234442688e+00 1.219389623966581127e+01
-5.954975825234442688e+00 1.053816902449090520e+01
-5.954975825234442688e+00 9.373202749697989944e+00
-2.747543762452181113e+02 1.957905176666223923e+01
-5.954975825234442688e+00 7.125822769823857428e+00
-5.954975825234442688e+00 7.001549201372153419e+00
-5.954975825234442688e+00 5.626874866806238273e+00
-5.954975825234442688e+00 5.565527765436078411e+00
-5.954975825234442688e+00 3.633175189419119988e+00
-1.750829951577816601e+01 8.224120391311666367e+01
-5.954975825234442688e+00 2.205160565613676127e+00
-5.954975825234442688e+00 2.042949633926279596e+00
-5.954975825234442688e+00 2.380992239291193968e+00
-5.954975825234442688e+00 2.278446000218416145e+00
-5.954975825234442688e+00 1.440892871149689114e+00
-5.954975825234442688e+00 1.669433981787665999e+00
-5.954975825234442688e+00 1.442509246728441497e+00
-5.954975825234442688e+00 1.193808981643286415e+00
-5.442158286684396273e+00 3.987196183848958242e+00
-5.954975825234442688e+00 1.185393840188698533e+00
-5.954975825234442688e+00 1.072273580346404742e+00
-4.392853840912074759e+00 3.945385374037705617e+00
-1.082620969051278337e+01 5.089540663884648097e+00
-5.954975825234442688e+00 5.420489960344809788e-02
-5.954975825234442688e+00 8.948704075967839344e-02
-5.954975825234442688e+00 6.575430319361430520e-02
-7.985785893733383212e+00 1.056527914126348833e+00
-5.954975825234442688e+00 5.759749445670081514e-02
-7.866761550021308835e+00 1.254470774356150287e+00
-5.954975825234442688e+00 5.963978488773591380e-02
-8.962393222889083688e+00 1.151632584142490145e+00
-5.954975825234442688e+00 3.166916546179265879e-02
-5.954975825234442688e+00 4.419503353750542374e-02
-5.954975825234442688e+00 3.099321624323181368e-02
-5.954975825234442688e+00 3.655950233095950352e-02
-6.498130965967956918e+00 4.633739123063094212e-01
-4.282785867982852324e+00 6.204548703102545915e-01
-5.954975825234442688e+00 3.736302036948302430e-02
-5.954975825234442688e+00 3.525832333215817016e-02
-5.954975825234442688e+00 3.366343627631351865e-02
-5.954975825234442688e+00 3.977828601514943330e-02
-3.061940816555262401e+00 9.324072864193482246e-01
-3.520945243090526589e+00 3.729154163041812353e-01
-2.150753245622859744e+00 1.014653116057218085e+00
-1.945812898799438528e+00 1.437978596042640334e+00
-2.486266331169571409e+00 6.180044397862047845e-01
-1.965894534689200057e+00 7.226245251384000312e-01
-1.208684774602360790e+00 7.927897784749262655e-01
-1.137492831890552836e+00 8.197927225670440521e-01
-1.270011932990824377e+00 8.630011159947486021e-01
-7.731770476972302220e+01 1.442988102323997737e+02
-1.189104288085793826e+00 4.219500583214994549e-01
-1.239766440737540165e+00 3.054114743050888592e-01
-1.154097715432028437e+00 3.287893900264577951e-01
-1.133255637778606939e+00 2.020075819407907147e-01
-1.168918385833666918e+00 1.570768377461746468e-01
-1.129396056363832557e+00 1.411153399537568021e-01
-1.015225027462953733e+00 1.834506846980303862e-01
-1.029846061763757703e+00 1.481911914665516861e-01
-1.019133039997750956e+00 2.273656612154013601e-01
-9.614411081895823941e-01 1.530178945950666503e-01
-5.954975825234442688e+00 2.910056217913847831e-02
-1.056986957633343494e+00 9.487539343166417893e-02
-1.047126443859948353e+00 7.729987100613300299e-02
-1.073719272401630676e+00 8.655975992024877996e-02
-1.080718227268155474e+00 8.320498151688582311e-02
-1.147615542520687981e+00 5.952293484601511864e-02
-1.106703820414223216e+00 7.298643411849070617e-02
-1.132535334112514391e+00 5.875905346272247698e-02
-1.100498009511820641e+00 5.552901786055031153e-02
-1.158759803897499552e+00 5.932837379818067802e-02
-5.954975825234442688e+00 2.845999890131167831e-02
-1.093155515532982847e+00 5.821077017050413360e-02
-5.954975825234442688e+00 2.759001006052130833e-02
-1.126049851864371121e+00 5.516844099820161773e-02
-1.082148014081308673e+00 4.320866086095520586e-02
-1.107529901235125180e+00 3.262906991453462524e-02
-1.080230023319895594e+00 3.707557801025984645e-02
-1.036940148683125784e+00 4.829000922208592783e-02
-9.661402732139254823e-01 6.452849896912482563e-02
-1.090190445410149422e+00 4.499526022058830677e-02
-1.074538932457810958e+00 3.768209321495419317e-02
-1.061278502421849623e+00 2.990997914517379286e-02
-5.954975825234442688e+00 2.641954410951541377e-02
-1.020747732383592066e+00 3.556848392831568617e-02
-1.085602288079641653e+00 3.481204076626909227e-02
-9.716996946540739089e-01 4.644372951975128672e-02
-1.079389241669581168e+00 3.108485840442654080e-02
-1.147731489217068912e+00 3.065818894174299203e-02
-1.120461431636666561e+00 2.904202826290713801e-02
-1.104142080099528300e+00 2.766539816775548388e-02
-1.035859470022900908e+00 3.627751974966031412e-02
-1.024113164399778952e+00 3.448186724304491690e-02
-1.090046878665555496e+00 2.582028430916238904e-02
-1.114558807439177457e+00 2.749393153300161430e-02
-1.098507580258161198e+00 2.433335834075478488e-02
-5.954975825234442688e+00 2.717797582339187556e-02
-1.123925708434400761e+00 2.778292025635664686e-02
