-5.954975825234442688e+00 2.055508587721403444e+02
-2.496538181413515645e+01 1.832329983947431060e+02
-1.604071322579139860e+02 1.900285557338308422e+02
-2.933735154479886376e+01 1.018270656763033912e+02
-6.443055358295242563e+00 1.795570411491942764e+02
-2.747543762452181113e+02 2.012566668519053223e+02
-1.182092341961991622e+01 2.578136097466726824e+02
-5.087899020478756640e+00 4.385851701979837003e+01
-4.459863124068975893e+00 1.912362579899814818e+01
-3.828595143137400569e+00 6.457332192109049629e+00
-5.801963260681652912e+00 1.200611641690369424e+01
-3.221282525683923481e+00 1.812145446247702694e+02
-1.850315532285623732e+00 3.292557523830737409e+00
-7.147340179564967144e-01 4.903478839664046518e+00
-1.140669024578579993e+00 7.569853065763822997e-01
-1.212889281097082161e+00 8.493070866861955892e-01
-2.976019675529760100e+00 8.436168163103218376e+00
-1.268823951131130556e+00 3.740555133665282028e-01
-1.333691840962643838e+01 5.497866824049648926e+01
-5.583152257018024756e-01 1.617184637544028192e+00
-4.031867572210732220e-01 7.566470892676591120e-01
-9.074871745106012355e-01 1.010094693845701386e+00
-5.025199423572708213e-01 5.101353280528257983e-01
-1.190892805224391893e+00 1.039679170097144834e+00
-4.919407632406347375e-01 2.064704832024233383e-01
-6.875824976447848513e-01 2.685092061589102741e-01
-4.128168404136260961e-01 1.942462750547804262e-01
-4.761127162204932262e-01 1.079983934754125130e-01
-4.280796287513322085e-01 1.698874536360790444e-01
-6.893350406856981749e-01 1.624093911005672908e-01
-5.707361415124090342e-01 1.093103540507911475e-01
-5.679438918067400976e-01 1.079820018375130530e-01
-5.621926333242939222e-01 5.288704874030258907e-02
-1.199467130527322567e+00 2.671691882765117043e-01
-5.588902430016720047e-01 5.330457463071525126e-02
-4.188286195339703255e-01 1.120944198547704218e-01
-1.186682031972361884e+00 3.953116255297572934e-01
-5.676697295992951808e-01 5.823233641325487042e-02
-4.609528964983891086e-01 4.523414179462292850e-02
-5.360605793124939566e-01 4.000036563769526765e-02
-4.677441674629605473e-01 7.377402780497277490e-02
-5.432583505411443525e-01 5.518375406256836868e-02
-4.960347956354489440e-01 3.983754193791355647e-02
-5.091240987638094850e-01 5.454101827973545369e-02
-5.461378623981438807e-01 4.315657194004529629e-02
-4.734236318970896917e-01 4.437780412226288718e-02
-5.001375123707596515e-01 5.074172646112629081e-02
-4.082040018718284813e-01 1.708070696069512451e-01
-1.309444770033966421e+00 2.418676205464294071e-01
-1.312196967650770318e+00 2.384269298985088881e-01
-4.569774256330383366e-01 4.951193135070752760e-02
-4.184329818022121117e-01 7.416503904934756974e-02
-4.193569705761071020e-01 5.286561978900294889e-02
-4.453374865280768091e-01 4.337803828639152925e-02
-4.035153199716550176e-01 1.203152427894735865e-01
-4.470791336428909801e-01 5.289400406562094759e-02
-4.233079642089165873e-01 7.641949674692227745e-02
-4.309827728094859367e-01 8.616900722307718752e-02
-4.273874395493066913e-01 1.106411560135427408e-01
-4.031471813839075935e-01 9.646274176543556678e-02
-4.044654938462866056e-01 6.368010991840833412e-02
-4.293804859248933070e-01 4.754474327270941103e-02
-4.126806313126003545e-01 2.860322195090247988e-02
-4.133478463879480813e-01 3.143667457598553483e-02
-4.268446662952172233e-01 4.853004162217189332e-02
-1.311364225122204630e+00 1.276855118695436886e-01
-4.154801746396508122e-01 4.645187418034879556e-02
-1.313569799125366089e+00 1.302621068743974320e-01
-4.075442134282596385e-01 3.702639965308662795e-02
-4.304205052645180274e-01 2.941345015403840080e-02
-4.051501535971144818e-01 3.724795343859454988e-02
-4.026151407093827572e-01 3.810504887718479949e-02
-3.978941806405913439e-01 4.694635660013091183e-02
-3.982166126086781333e-01 4.482101939899507670e-02
-3.986624500357400791e-01 4.269449559876647982e-02
-3.987380582128601247e-01 4.388275399682584066e-02
-4.036395721952512616e-01 3.380669796291613238e-02
-1.294809635986412744e+00 1.288866499836842650e-01
-1.289447490718877987e+00 1.292991508962302305e-01
-1.341653736363824123e+00 1.091677374750759100e-01
-1.350341741955139341e+00 1.074047433866951451e-01
-4.009816018626644052e-01 3.398122587239527093e-02
-4.033172610502049338e-01 3.941399886892327231e-02
-4.122109619925335977e-01 6.497715362129952155e-02
-4.293841742892325897e-01 7.047009333891196547e-02
-4.189107741028852416e-01 6.296554162281609024e-02
-4.062654614686351806e-01 3.966237390721971678e-02
-4.090504407574293566e-01 4.982531096965203687e-02
-4.202599794394181743e-01 5.663139669124461761e-02
-4.054026795082084078e-01 4.075184662193009899e-02
-4.108706385348028789e-01 4.241888732769893977e-02
-4.029177740880456327e-01 3.834605619508124619e-02
-4.166512781399092091e-01 4.827061149148903496e-02
-4.112309171246941730e-01 3.906709080624182207e-02
-4.089921799269120584e-01 3.373892424107793886e-02
-4.047474443708800607e-01 3.106197488227735448e-02
-4.059071084402567919e-01 3.284723892983265614e-02
-3.991248398216136195e-01 1.909921859592600413e-02
-4.004410537693328109e-01 1.746961216721842902e-02
-4.013192609336186933e-01 2.465590577889997803e-02
