-2.194427550488951439e+00 1.703885962030638268e+01
-1.380040604071576240e+02 9.166968717731074889e+01
-5.954975825234442688e+00 4.769478995412712408e+01
-5.954975825234442688e+00 3.797859133743349958e+01
-5.954975825234442688e+00 2.409170068139578902e+01
-2.890559429282905768e+00 2.333031443822767415e+01
-7.939694030417330239e+00 1.780292469931955424e+01
-5.954975825234442688e+00 2.406763034689905822e+01
-5.954975825234442688e+00 1.407563009614263194e+01
-5.954975825234442688e+00 9.840476421404076746e+00
-1.750829951577816601e+01 2.320339799733531549e+02
-2.152092799187331096e+00 1.340532749420346192e+01
-3.969803354904817283e+00 4.415650523084153178e+00
-3.787751831451755535e+00 9.747521944336696720e+00
-2.938348688128119335e+00 3.400564777905657365e+00
-1.285027510967154285e+00 1.258929562552830816e+01
-1.463986648194735452e+00 1.153482069085271178e+00
-1.849281450839281860e+00 1.233838636301314295e+00
-1.130219853435917798e+00 3.517311495272394950e-01
-1.257819939752058858e+00 3.101568634177596095e-01
-9.275672735645859035e-01 3.822281239550164855e-01
-6.323828752495490590e-01 5.807912746553967054e-01
-6.831332008963961755e-01 4.344827434521647547e-01
-9.522205575063349414e-01 2.928801872069328738e-01
-6.073378455950066979e-01 5.258402522771064014e-01
-5.277386891256856671e-01 6.756986825898252391e-01
-5.506052992410577218e-01 3.198920955881305872e-01
-5.339734947189374026e-01 2.696510541716463649e-01
-5.397642928156809461e-01 2.736845885578276238e-01
-5.516707067486095184e-01 1.799527804683265231e-01
-5.387158945333521132e-01 9.743051451282269682e-02
-1.792599266680388936e+00 1.063248822111067682e+01
-5.617893334408776695e-01 1.259932273521542356e-01
-5.458863254651973307e-01 1.200086386906207281e-01
-5.398819739226059511e-01 7.906403886934754155e-02
-5.736268338078680529e-01 9.717238398556560242e-02
-5.483349924777094486e-01 6.164218391153042376e-02
-5.635090468218137971e-01 9.599763515802806069e-02
-6.073691588109344508e-01 8.318976920392628926e-02
-5.682050865788692562e-01 7.691259583155840573e-02
-5.697177254109480060e-01 5.666326189964365767e-02
-5.463559130693624866e-01 5.656717898381202758e-02
-2.082883448727591791e+00 2.241142742745864780e+00
-5.491168322042234706e-01 5.231820565209943652e-02
-5.603231861731075014e-01 6.097546919124852138e-02
-5.895260633993650856e-01 6.422847394686925782e-02
-5.604635270403228731e-01 5.318383468953413740e-02
-5.960445394799549490e-01 5.380021983755511883e-02
-5.691909492531497250e-01 5.608445267782258270e-02
-5.863404201420010509e-01 3.804500792696785538e-02
-5.655443497399961217e-01 4.954425426358000095e-02
-5.470570745217013808e-01 3.251791241467572036e-02
-5.572612232085525363e-01 4.267499482634207197e-02
-5.579406023979327500e-01 2.708539822313582590e-02
-5.469516396257319002e-01 4.663859858901275857e-02
-5.495844431006506881e-01 3.222932871199191140e-02
-5.449129044868215033e-01 2.924830593686067459e-02
-5.323687069579374764e-01 2.414830075964857770e-02
-5.240108118616113586e-01 2.453878511762752623e-02
-5.076369854985038899e-01 2.957010670439785827e-02
-5.309866599926671427e-01 2.239877058204342575e-02
-5.335924104900282572e-01 2.294581246329130408e-02
-5.338111232591504773e-01 2.677373318246623057e-02
-5.296686932500893619e-01 2.139578669918762444e-02
-5.348458107898377278e-01 2.133391055799904734e-02
-5.869717037098283186e-01 2.657318976088163254e-02
-5.275990374789891746e-01 2.205492592538860208e-02
-5.348567364477609942e-01 2.268938152958810406e-02
-5.492005526252121683e-01 1.997860743601620470e-02
-5.372687499281880719e-01 1.931433013636763008e-02
-5.260850890280490688e-01 1.811024861065391178e-02
-5.221962841181824189e-01 2.169498617038811972e-02
-5.236769423737044349e-01 1.616843213707852556e-02
-5.399372835692872741e-01 1.335367683036281505e-02
-5.169278176585159201e-01 1.230309659773354269e-02
-1.758538177978040906e+00 3.658728981711334427e-01
-5.167700220066819838e-01 1.821956530034185562e-02
-5.307064339573326350e-01 1.963785012162588828e-02
-5.262446406679703870e-01 1.570048818298630522e-02
-5.457578231505983979e-01 1.816074597550709768e-02
-5.305113971665811334e-01 1.600817095805950885e-02
-4.992864703566759488e-01 1.700866089446151364e-02
-5.089983118579617383e-01 1.472146170151233946e-02
-4.765448684791362410e-01 2.019534478110074360e-02
-5.017157430202754398e-01 1.619892849309678695e-02
-5.541241573505608642e-01 1.686285028273459830e-02
-5.424510634226820116e-01 1.930483507622682282e-02
-5.394915453576469844e-01 1.484908985079869126e-02
-5.268330985673568279e-01 1.609929051738845374e-02
-5.277281599759913178e-01 1.352168034517831074e-02
-5.412040338561840969e-01 1.678579101503885340e-02
-5.361778021074332656e-01 1.457735829633577396e-02
-5.518785963606678280e-01 1.424131683477014576e-02
-5.583560250670824843e-01 1.444209659257467138e-02
-5.357506990403262392e-01 1.268356200422715574e-02
-5.187022942979684359e-01 1.427021912546422300e-02
-5.615446060519726501e-01 1.576697891420053566e-02
-5.503600061166142865e-01 1.486424889850468389e-02
-5.310685622138695550e-01 1.782905899776210390e-02
-5.294158151308323568e-01 1.330878781993760640e-02
