-2.747543762452181113e+02 7.240524749277464878e+01
-1.750829951577816601e+01 2.634030354867610413e+02
-1.750829951577816601e+01 2.676011555254523842e+02
-1.750829951577819088e+01 2.843969587734710558e+02
-2.634602892332968516e+00 3.390292386564652816e+00
-2.231561733954583460e+00 1.546822327195678781e+01
-5.954975825234442688e+00 3.317849105218309802e+01
-5.954975825234442688e+00 2.962627856487955924e+01
-5.954975825234442688e+00 2.622442578762927212e+01
-5.954975825234442688e+00 2.970504006167151090e+01
-5.954975825234442688e+00 2.526785467326622125e+01
-5.954975825234442688e+00 2.044635867674537266e+01
-2.134858668650752023e+00 3.741468560651765074e+01
-1.312201815627753732e+00 1.796131658456721425e+01
-1.954799593940570901e+00 4.067004155794506914e-01
-1.913722301433802286e+00 5.250649549829518037e-01
-2.460709584852772025e+00 1.217985285208846022e+02
-1.957744740990351673e+00 1.270039098356903651e+00
-6.542997385934157251e-01 1.673029633036236419e+00
-8.688891548469204196e-01 3.331301902100847201e-01
-7.335934526892913254e-01 1.720092172391105123e+00
-1.526948204946517507e+00 1.715584138149495175e-01
-1.421005827668716748e+00 1.752388736836110184e-01
-1.013597271452379545e+00 8.173206921514974965e-02
-1.478110734373146329e+00 1.026242043591594211e-01
-1.430180670188592629e+00 8.452663451370767689e-02
-1.015136096200013327e+00 8.982275501395520223e-02
-8.499303505535760195e-01 2.122407267742403292e-01
-3.063235579875857262e+00 7.770892639517910538e+00
-7.247801650457876832e-01 5.608876191531351196e-01
-2.292557882571435002e+00 5.795240120242627313e+01
-6.341868339515741582e-01 1.420534655918402223e+00
-8.091328993664799185e-01 5.824344819448867838e-01
-9.765106264940914826e-01 5.601771331845668556e-01
-1.563231973010056564e+00 5.555346253538004930e-01
-6.695682500552546657e-01 2.194532321728956958e-01
-7.496972383989852773e-01 8.015655177786698005e-01
-8.350831689304847316e-01 2.103411591786823465e-01
-1.107267213330057842e+00 1.221794005777212533e-01
-8.949913997620164707e-01 2.532408586643555282e-01
-7.441971716905033674e-01 2.223579790305905135e-01
-8.781512223723986210e-01 1.243357687554862423e-01
-7.802955613124016310e-01 1.145501139307043559e-01
-9.004551879758082578e-01 9.031485554876894639e-02
-7.377218138358969668e-01 1.727469589305314912e-01
-9.841968188366312376e-01 1.253779205989928869e-01
-1.299153627077005879e+00 1.721224234825911026e-01
-1.088683770140034923e+00 8.890073458644565108e-02
-6.658640878812391861e-01 1.257465471607019936e-01
-6.944594053150119350e-01 1.326111267439671337e-01
-1.101559928951447276e+00 8.072594222096540761e-02
-6.701600432679146735e-01 1.078017221529705694e-01
-6.709930876076555251e-01 1.033721273937544538e-01
-8.310649181009424069e-01 7.207245602549505747e-02
-6.820594141804043886e-01 1.017801933287785232e-01
-6.892161335397659627e-01 9.740400260241699470e-02
-6.704901226422208538e-01 8.759139588698872103e-02
-6.745671685260461459e-01 8.542450404812029774e-02
-6.760830146737024648e-01 6.160594300442312488e-02
-6.668652500093479318e-01 6.236979161317890430e-02
-6.977730292034767245e-01 1.079196856566397855e-01
-7.811561774979267625e-01 1.275935291176892861e-01
-7.680453552976285181e-01 1.167079506885499995e-01
-7.711908885778999689e-01 1.183051327739974568e-01
-7.023303933643738617e-01 7.951755630949719489e-02
-6.325906128655738314e-01 4.994825933454194455e-02
-6.534683818688105106e-01 4.767335749556878000e-02
-6.406675266827459581e-01 4.740973489168709420e-02
-6.410646512245854467e-01 4.720018972031425619e-02
-6.815044274475834385e-01 4.877661968947677451e-02
-6.587078969249091642e-01 3.366899814272983349e-02
-6.699518174340806098e-01 4.904890212949908346e-02
-6.719199150526531383e-01 4.356606928561745917e-02
-6.944206777539623232e-01 4.899425954184266629e-02
-6.756049989088594998e-01 4.101436882658049399e-02
-6.717762848995239011e-01 3.062662652754966075e-02
-6.629499542573942250e-01 3.383247409715295362e-02
-6.474243685344305277e-01 2.817995376625503923e-02
-6.448818813212788825e-01 3.151482061792876266e-02
-6.596462504461619858e-01 3.613870699251719998e-02
-6.448111257560285026e-01 4.032084769536936619e-02
-6.390124729551747151e-01 3.288846826586677707e-02
-6.931677843691783636e-01 4.477850496834889782e-02
-6.723058107113502047e-01 3.743032604015184006e-02
-6.925849178772978121e-01 3.406730573303207166e-02
-7.116960092728223941e-01 3.197268686687948502e-02
-6.974465884906972946e-01 3.801231939826266171e-02
-7.487347269855710863e-01 4.380967745447605921e-02
-7.065628392076437336e-01 3.227938028442167706e-02
-6.311827009872637007e-01 2.779074974498030315e-02
-6.818034784319451092e-01 2.900760787156286824e-02
-6.125263258118103238e-01 3.363413920158109249e-02
-6.694897028056647770e-01 2.617575867793675570e-02
-6.393844169768954089e-01 3.026469043791735203e-02
-6.359741243685910206e-01 2.352971373341006256e-02
-8.756264344558388757e-01 8.769251767091645888e-02
-6.812681787725409777e-01 2.511898045159455251e-02
-6.643829637436944324e-01 2.367291177256447554e-02
-6.587871206249555911e-01 1.963636638836874226e-02
-6.324486020228654581e-01 2.353900587775115127e-02
