-5.954975825234442688e+00 2.355092113683217292e+01
-5.954975825234442688e+00 1.606140995816555517e+01
-5.954975825234442688e+00 1.501151883963871114e+01
-5.954975825234442688e+00 1.208916089041355590e+01
-5.954975825234442688e+00 1.235754961497323556e+01
-5.954975825234442688e+00 1.203807195633087268e+01
-5.954975825234442688e+00 9.386455399015074974e+00
-5.954975825234442688e+00 7.806391241023165506e+00
-5.954975825234442688e+00 7.354975946606870707e+00
-5.954975825234442688e+00 7.731535540903736958e+00
-5.954975825234442688e+00 5.855905894700445202e+00
-5.954975825234442688e+00 4.398178183940874675e+00
-5.954975825234442688e+00 2.529587743643816111e+00
-5.954975825234442688e+00 2.653087044285685536e+00
-5.954975825234442688e+00 2.806437808506018428e+00
-2.879117139341780707e+00 5.404865556118497949e+00
-2.044685238599347699e+00 3.101285563181715332e+00
-6.852737114128120766e+01 1.048229027056590752e+02
-6.889725856269824078e+01 1.325053652339565815e+02
-1.943463694459037328e+00 6.096020157531967243e-01
-1.944991861037085101e+00 2.697166668418731206e-01
-2.002863241420765661e+00 3.403614621258981288e-01
-1.947956697138085502e+00 2.261774766387958380e-01
-1.987154816706251381e+00 2.268929563575596831e-01
-1.944013373992026672e+00 2.554802976181633767e-01
-1.945282108763741746e+00 1.785088079211192280e-01
-1.950504429324141142e+00 1.388264894099648927e-01
-8.142748106013108611e+00 4.620000915416440534e+00
-1.943473983072289357e+00 1.272959510439619635e-01
-1.943917066393142434e+00 1.104972192535171871e-01
-1.956579798745481824e+00 8.390485502451383582e-02
-1.950485723450166020e+00 1.101577452755293507e-01
-1.957702390331908404e+00 1.398275049622270672e-01
-1.947507164853048423e+00 1.091514187849185191e-01
-1.943287055735114066e+00 1.261782606539298968e-01
-3.272633406687061708e+00 9.947331814603330713e-01
-1.956102306062380336e+00 9.676905475819808089e-02
-3.812521038241197147e+00 9.637552101509498925e-01
-3.952706632060916547e+00 1.470293274814480355e+00
-1.954266574445963300e+00 8.264632543696848188e-02
-1.951203388814764850e+00 5.989532417746090687e-02
-1.958701847893580705e+00 4.749484935069858693e-02
-1.951661671771962148e+00 5.025411728013295942e-02
-1.959192589453428113e+00 5.295301594915713395e-02
-1.951204766778127819e+00 6.497694875594106634e-02
-1.962020127292566585e+00 6.331308417976799774e-02
-1.955033357954381046e+00 4.814042862815881563e-02
-1.954537158497554827e+00 4.953889491736163109e-02
-1.945624493635596863e+00 5.443850739671063366e-02
-3.547153034673513616e+00 4.440745930281622122e-01
-1.948034721796226165e+00 4.276093789488299990e-02
-1.962096786546661420e+00 4.936205097537538222e-02
-1.958240954530625189e+00 4.099147626540400324e-02
-1.959965570106897204e+00 4.267946793683563556e-02
-1.946666995166241421e+00 3.012683446222297334e-02
-1.948023976626750198e+00 3.838246023316571609e-02
-1.947387295011287378e+00 4.300236982685134990e-02
-1.948725644534407664e+00 4.098469931291504054e-02
-1.955284603211682182e+00 3.225832117460925019e-02
-1.956301025151345740e+00 3.062111450219617836e-02
-1.962109463843288992e+00 3.079917459334069463e-02
-1.958811306105515015e+00 3.512258474418672449e-02
-1.945464182769420347e+00 2.801338092045568828e-02
-1.969522583044827968e+00 2.878171528273298918e-02
-1.949730807726924198e+00 2.336894351421392457e-02
-1.956209101174362530e+00 3.089158309305162220e-02
-3.884801136316420767e+00 2.145017149557588709e-01
-1.954018378256249022e+00 2.391422830410760980e-02
-1.964535210958832323e+00 2.520843876676792661e-02
-1.946818731725123541e+00 2.513255749747145273e-02
-1.948528519602147568e+00 2.831255817497435601e-02
-1.947196056883749193e+00 3.193588800026248009e-02
-1.946089517079334641e+00 2.836258066476204931e-02
-1.944683525150825432e+00 3.181060917175670966e-02
-1.948540985398256709e+00 2.095079314939596316e-02
-1.943355003512071022e+00 2.283038992256081201e-02
-1.952288134448144419e+00 2.199926641331728661e-02
-1.950697754767872993e+00 2.928764228077795906e-02
-1.944886378930016591e+00 2.287082934024908809e-02
-1.954352696499078945e+00 2.304334678882469234e-02
-1.946039047002514621e+00 2.897708236915264024e-02
-1.948166237887507535e+00 2.711751213448110320e-02
-1.949681683940221788e+00 2.306125806479997209e-02
-1.952437774310400442e+00 2.135683308155478244e-02
-1.955395896778510334e+00 1.817728381128347337e-02
-1.957778807506084462e+00 2.059990310741000030e-02
-1.949450646190641123e+00 1.894474090997277926e-02
-1.947928101766901676e+00 1.705186304803874009e-02
-1.948750276549919391e+00 2.066070656596252775e-02
-1.963898392825498718e+00 2.195621553333637621e-02
-3.240486412561294216e+00 1.063840018915271912e-01
-1.948671910378859451e+00 2.220438865252560845e-02
-1.949700330452158070e+00 1.547105771722101508e-02
-1.943836878942560631e+00 1.564256441143641041e-02
-1.946381683505681082e+00 2.139011473462915092e-02
-1.945208541257891000e+00 1.601534201971333005e-02
-2.724998355589628218e+00 1.412551104238275457e-01
-1.943643892054049971e+00 2.168484050629615467e-02
-1.950669150747300407e+00 1.589238112099167211e-02
-1.948400926068430294e+00 1.565888525695413591e-02
