-2.880231914290738615e+01 2.653171410744273544e+02
-7.933118653958223021e+00 1.808023632607620073e+02
-7.776192240084375484e+00 1.847378239094428238e+02
-1.446471479155029094e+01 1.947400969864190756e+02
-6.433390171206494479e+00 6.007062278033242819e+01
-6.170481250867273282e+00 1.515521914096473211e+01
-3.126288028039999389e+00 3.853055278879367052e+00
-2.959031297577213948e+00 1.786509125416529287e+00
-2.563311776460686531e+00 1.620986268120446994e+00
-2.371309485973183584e+00 1.541953733755235589e+00
-1.433590128200169289e+00 1.190059270834524341e+00
-1.508007233765214394e+00 1.293460729167861700e+00
-9.769955979856597139e-01 9.667936427738652583e-01
-1.022001251639103714e+00 3.073611863118230758e-01
-1.078735706746162037e+00 5.920645870992018445e-01
-9.436645247634771749e-01 4.001973311813742384e-01
-9.076272303442927125e-01 4.611611976320943995e-01
-9.930314975215583928e-01 2.459783029824791356e-01
-8.815096478130097779e-01 2.675786971053355501e-01
-8.699651080313710594e-01 2.253345762231617755e-01
-8.993303194774373566e-01 1.242153928527613971e-01
-9.165890251183217430e-01 9.285634406901976945e-02
-8.711028555748470126e-01 1.027869928272195921e-01
-8.952150100035964897e-01 6.097077430084141270e-02
-8.361030800684119413e-01 1.154166061641319629e-01
-8.842250475819604105e-01 9.056886561185706341e-02
-7.892005487030377964e-01 8.326135747401508524e-02
-8.239481219436033399e-01 6.687094360233913903e-02
-9.659318975287636277e-01 1.263664234221550942e-01
-8.252627568598391861e-01 1.233870963877450322e-01
-8.440001319414633940e-01 4.304424982623800133e-02
-8.491698904448323759e-01 4.973718596511389478e-02
-9.038469928365966410e-01 5.152352995838782590e-02
-8.610955011005128057e-01 3.599902071314886598e-02
-8.579394945305480746e-01 3.838008056163744186e-02
-8.475868868826328395e-01 2.964766971433618892e-02
-8.434260279424918849e-01 3.929489515752493389e-02
-9.161694047141430985e-01 3.885563937734559659e-02
-8.898372358185682174e-01 3.062139925748397218e-02
-8.536474588328708535e-01 3.428087479028363305e-02
-8.309868264465016807e-01 3.420807009518966879e-02
-8.301666419759516913e-01 3.900937296845086166e-02
-8.339737149286801099e-01 4.866748725385150465e-02
-8.851765657121966058e-01 3.341372566805489441e-02
-7.855541926751463677e-01 4.448843306974481493e-02
-7.910392734008802051e-01 3.765535569399958149e-02
-8.411214738924570611e-01 2.655116800323753523e-02
-8.356398815607590791e-01 3.720788866564816999e-02
-8.176939627895407625e-01 4.160636576617093851e-02
-8.243966949084970963e-01 2.745106940665209549e-02
-8.236118521595514608e-01 2.660259325588754109e-02
-8.180523805847741414e-01 2.082838167896738923e-02
-8.275417064719139404e-01 3.118469571344917313e-02
-8.765235429094406783e-01 2.091827866573225947e-02
-1.949633556473587603e+00 7.710815466907661175e-01
-9.242381754888260303e-01 2.972064568780297122e-02
-8.627008306661494430e-01 2.154292411660208018e-02
-8.751155974649762470e-01 2.090545820217926121e-02
-9.032164145836567570e-01 2.728539412623831595e-02
-8.762459498919596967e-01 2.307090927271815417e-02
-8.621210938685521796e-01 2.331789354994384666e-02
-9.659526388522206020e-01 3.800433622294008273e-02
-8.608346203252335016e-01 2.402892704031955873e-02
-9.207961674931848250e-01 1.882742649709712168e-02
-8.861171182875970942e-01 1.987641874148948773e-02
-8.895203063390493270e-01 2.074096073877740309e-02
-8.873168541734770542e-01 2.002472764115736936e-02
-8.785134462198875838e-01 1.651638432718982585e-02
-9.692701470717466350e-01 3.222363504212921725e-02
-8.787661968823439196e-01 1.519704587693126996e-02
-8.872512332890334363e-01 1.594372246628950052e-02
-8.761377582094951322e-01 1.922161027434299285e-02
-8.935001451393986827e-01 1.282868908072032355e-02
-8.850797549775055728e-01 1.771965453664847701e-02
-8.656332682324432426e-01 2.003668307017392181e-02
-8.689505396780088375e-01 1.700582792634008911e-02
-8.559493876020063396e-01 1.717642573223088220e-02
-8.757391903428111135e-01 1.497650265562811001e-02
-8.892184236438982481e-01 1.704820056770017800e-02
-9.206090932364840995e-01 2.040297572514759850e-02
-8.916627181212941622e-01 1.790419731699444128e-02
-8.627266400162643123e-01 1.600458408677241096e-02
-8.895012202635381726e-01 1.417384183932313135e-02
-9.258170928518580922e-01 1.956181716232663348e-02
-8.919756557457052537e-01 1.558082941053839932e-02
-9.210024779404957229e-01 1.440246813308476703e-02
-9.026052215403002066e-01 1.683510985213843014e-02
-8.752427017374415641e-01 1.170921928820689573e-02
-8.985618748437254055e-01 1.112473774188060816e-02
-8.578695750656493146e-01 1.570794378957884874e-02
-8.614670967258639678e-01 1.453068530719292539e-02
-9.000562665033466914e-01 1.213851521762876473e-02
-8.666219359074123219e-01 1.299942195976200310e-02
-9.007812140939250867e-01 1.427884643976540247e-02
-8.982606666085040104e-01 1.102855970981408973e-02
-8.544881949490079620e-01 1.543702535934698972e-02
-8.668694938780934223e-01 1.090590009710012964e-02
-8.493655661210475216e-01 1.375592470631659126e-02
-8.565319118285312783e-01 1.235709519036731763e-02
-8.529616576235365955e-01 1.012663630220345112e-02
