-1.458721908793955606e+02 1.884273271710714326e+01
-5.954975825234435582e+00 1.373482966050309173e+01
-5.954975825234442688e+00 1.510143966234800494e+01
-5.954975825234442688e+00 1.257693503729589501e+01
-1.458721908793955606e+02 2.520316859303584778e+01
-5.954975825234442688e+00 9.909156730256919232e+00
-5.954975825234442688e+00 8.931383071113895511e+00
-5.954975825234442688e+00 7.705255424819242194e+00
-5.954975825234442688e+00 7.475961082292389648e+00
-5.954975825234442688e+00 5.743943712063051876e+00
-5.954975825234442688e+00 6.257153473575073122e+00
-5.954975825234442688e+00 4.989683443359917092e+00
-5.954975825234442688e+00 5.415256854347420656e+00
-5.954975825234442688e+00 5.005858654525376039e+00
-5.954975825234442688e+00 4.345644524694961319e+00
-5.954975825234442688e+00 4.395695660570630992e+00
-5.954975825234442688e+00 3.746782133598490105e+00
-5.954975825234442688e+00 3.241027948422370741e+00
-5.954975825234442688e+00 3.844391477554276015e+00
-5.954975825234442688e+00 3.783725904277019936e+00
-5.954975825234442688e+00 3.183757344050547999e+00
-5.954975825234442688e+00 2.770968314571845781e+00
-5.954975825234442688e+00 2.929650613369954470e+00
-5.954975825234442688e+00 3.113908209190718424e+00
-5.954975825234442688e+00 2.859689629941115641e+00
-5.954975825234442688e+00 3.053193293010368237e+00
-5.954975825234442688e+00 2.318947236259813138e+00
-5.954975825234442688e+00 2.315979872337802448e+00
-5.954975825234442688e+00 2.377494596739143873e+00
-5.954975825234449793e+00 2.515675662591348782e+00
-3.782214608625282359e+00 6.908197546119853882e+01
-2.163581152010171493e+01 7.392640651619728942e+01
-1.750829951577816601e+01 7.119236720780594396e+01
-5.954975825234442688e+00 9.105874462198073616e-01
-5.954975825234442688e+00 8.905256858292105449e-01
-1.206905209302419735e+00 2.337048898555703857e+00
-7.176564865467383925e+00 5.960898558591331664e+00
-1.507058183104897253e+00 3.001959779965364561e+00
-1.621184022185762075e+00 3.210472344124493560e+00
-1.142142218429603062e+00 1.559345712970316100e+00
-1.015869682811377572e+00 1.192196118399001747e+00
-1.207507343841374592e+00 1.294062333633242190e+00
-2.053212040102765812e+00 4.310133565176258230e+00
-1.212807155462490627e+00 1.559602538058385335e+00
-1.208787774036151674e+00 1.370094784982150315e+00
-6.731434882142421827e+01 7.223426406556177426e+01
-2.128844884738154697e+00 2.687216588469881984e+00
-1.011395659271260072e+00 1.172981913359720352e+00
-2.222325147922262545e+00 3.082073545687073590e+00
-2.200983954853602320e+00 2.615197457947516568e+00
-2.089664685850561909e+02 1.190497684434214420e+02
-6.542765100942791179e-01 3.936275283306542860e-01
-7.857529716160545519e+00 2.368866748923171883e+02
-2.114792816917917762e+00 1.488425894363558655e-01
-1.890027620990369428e+01 2.819678529214192508e+02
-6.124052639504444784e-01 4.648846668321766629e-01
-5.967432974649984345e-01 5.171436660437223054e-01
-5.943857093425251037e-01 2.961591086796033778e-01
-2.061736277983825971e+00 1.590519730418691324e-01
-6.981558449573235237e-01 1.198252098183729686e-01
-7.080765582449295437e-01 1.360532099992042276e-01
-6.685845014579907541e-01 1.034616736299085460e-01
-6.468627400096575997e-01 1.228333979281046595e-01
-6.758308784294619898e-01 1.018751693882222753e-01
-2.002538846264574346e+00 1.725715764394806229e-01
-5.966685679666881015e-01 9.762618449943261112e-02
-5.930668380693013830e-01 9.048080465794328120e-02
-5.890628671150608398e-01 1.263858567654096987e-01
-5.835632473527496700e-01 8.445898314832334108e-02
-5.754048293262972180e-01 8.457120204218426807e-02
-5.908984383039079802e-01 5.665936302020213589e-02
-6.014497401622822537e-01 5.917957683786312373e-02
-5.914385845785350426e-01 5.879693415954534430e-02
-5.986489129074730187e-01 4.979396563527416220e-02
-5.991705343391480199e-01 4.636064656645544346e-02
-5.791708889510722713e-01 5.302587423369686803e-02
-5.965328082777556773e-01 4.819638487603583599e-02
-5.916112101497166265e-01 4.480460741743286235e-02
-6.095630387107267012e-01 4.165972136536311154e-02
-6.091648978365462597e-01 4.819566274903763770e-02
-5.909441332369187450e-01 4.258351691854045384e-02
-6.069553799762257285e-01 3.827771808676061482e-02
-1.942192622248549938e+00 1.814491162855631501e-01
-6.119603031421814165e-01 5.211327724273928652e-02
-5.950491853864345870e-01 3.210103329973890141e-02
-5.888834610416733284e-01 4.046181258092929056e-02
-1.911874706918673894e+00 1.212013044334696588e-01
-5.764802056973330480e-01 4.454125153037580276e-02
-5.824835781453057137e-01 4.289164953547697223e-02
-6.239838708778613352e-01 9.703894002176411959e-01
-6.833251432031275385e-01 1.061230311114314873e+00
-9.446890556823692719e-01 1.374480568509000022e+00
-5.804982058023178126e-01 2.768938709476742588e-02
-1.113664526873805016e+00 9.013654687415169064e-01
-5.438546700825295233e-01 4.625094638131486136e-01
-5.681775579177905655e-01 3.267472025584083895e-02
-7.754472553929687706e-01 5.427645136574881235e-01
-6.597850074164259837e-01 1.427367280406315331e-01
-6.973959989944891191e-01 1.550126673812144418e-01
-5.791467684560309692e-01 3.445086983447254170e-02
