-5.954975825234442688e+00 1.959975782527165222e+01
-5.954975825234442688e+00 1.557523167013631138e+01
-5.954975825234442688e+00 1.073478873867126993e+01
-5.954975825234442688e+00 1.032484527987907796e+01
-2.262673740303020153e+00 4.633010528810089568e+00
-1.964687241536854145e+00 7.241006603177692114e+01
-1.944315974624108989e+00 2.166686204995528442e+00
-2.065020022543285094e+00 1.634305294556639865e+00
-2.046421133747875487e+00 1.052617800855529140e+00
-2.021977733928951082e+00 3.564343493912787153e-01
-2.082546821781713575e+00 4.298736883966967071e-01
-2.157729469012374501e+00 1.962570305848743146e-01
-2.053560125420025528e+00 2.748007948263904154e-01
-2.073323008662948830e+00 2.562987237957798925e-01
-1.951123665296188747e+00 1.580387159095266725e-01
-2.039406253442280104e+00 1.898502846600251814e-01
-2.046611110528231414e+00 2.684500955733568617e-01
-2.013603078148669567e+00 6.548188257485776376e-02
-1.750829951577816601e+01 1.874709100237144810e+02
-1.965677994000222029e+00 6.008915672458670088e-02
-2.034170383644851476e+00 1.012817900146245620e-01
-1.972998491647032893e+00 1.169953898389763935e-01
-1.990491754326635387e+00 6.624079594527643167e-02
-1.968529440012643406e+00 5.870824218760617441e-02
-2.041626556995828956e+00 6.914170444764522472e-02
-1.750829951577816601e+01 1.927785941447468474e+02
-2.057413072200403370e+00 3.595992002267678345e-02
-2.034099025797268645e+00 5.374524564514615577e-02
-2.001204144180617206e+00 3.616513183845881940e-02
-2.033583131135786815e+00 5.425379220089610044e-02
-1.960714176625613092e+00 4.081836687915085804e-02
-2.033668855418966359e+00 2.709794452620428729e-02
-1.986925459768729141e+00 2.284551314247096343e-02
-1.957693246562165257e+00 4.963938210956087005e-02
-1.958225736567792197e+00 3.905640760019934987e-02
-1.951986176704037845e+00 3.901239095968378479e-02
-1.952940505632405177e+00 3.888386941497401494e-02
-1.949312320707422330e+00 3.534395941436230260e-02
-1.750829951577816601e+01 1.858804618025480977e+02
-2.046328015335216577e+00 2.484481745806021991e-02
-2.061703464023000087e+00 2.468906853641783528e-02
-1.253469616340662895e+00 1.203805095885996934e-01
-5.991807855919848436e-01 1.788632107514871450e-01
-4.962751909601799127e-01 2.048330491749652538e-01
-1.750829951577816601e+01 1.999766215159956460e+02
-1.750829951577816601e+01 1.916961341045645213e+02
-3.990914228247000040e-01 3.660863692541624914e-01
-1.458721908793955606e+02 1.929581758340474948e+02
-5.746235457881090802e+00 1.731285650134504408e+02
-1.564671592662735478e+00 3.185951977110335065e-02
-1.328005268553951623e+00 3.615795880676841989e-02
-5.201813999804905109e-01 1.020917211152863047e-01
-4.076690100856286136e-01 1.137252843477085662e-01
-4.442773566678255293e-01 1.082472604488629031e-01
-4.382989567961494970e-01 8.778383800749622878e-02
-4.408800916962185568e-01 1.064311447774883845e-01
-4.091448526989971413e-01 8.725714259514916193e-02
-4.190168123280741952e-01 9.336330000223824754e-02
-4.498098187534047554e-01 8.275636322818513690e-02
-4.302458988723394384e-01 6.312984066723004162e-02
-5.141336097069620337e+01 2.067831015788555931e+02
-4.311319784549478840e-01 6.231893996904602773e-02
-4.605489680943595232e-01 5.521043951641502190e-02
-4.202452129718245999e-01 4.837962261740358372e-02
-4.321896703585306199e-01 4.310491087795753629e-02
-4.289129433614995435e-01 3.422037195292659817e-02
-4.283452424308755724e-01 4.088267951246393750e-02
-4.359233600513015006e-01 3.315408860245838696e-02
-4.377842592887031259e-01 3.424827137510533248e-02
-4.304976792605632596e-01 3.188367837938699267e-02
-4.199332111070237517e-01 2.529235456132994386e-02
-4.259060268635668223e-01 3.708893581048755550e-02
-4.196039899538561713e-01 3.470453687444319257e-02
-4.367403720542544221e-01 2.730497318671609719e-02
-4.136587938104838713e-01 4.124689051320729050e-02
-4.171685320500913008e-01 3.099233923821032022e-02
-4.267175027608001159e-01 2.234249286433964699e-02
-4.337762627775134661e-01 2.810748997899281676e-02
-4.458016453872026830e-01 2.740660817104867419e-02
-4.287673397426203792e-01 1.941415105227406457e-02
-4.333526493059114415e-01 2.840285072386450338e-02
-4.296411062798863867e-01 2.919767901616410199e-02
-4.184399996651446685e-01 1.875447027353516205e-02
-4.289682351427188678e-01 1.792345226672864555e-02
-4.295979962373266403e-01 2.158596784400401702e-02
-4.307919009649925357e-01 1.981369889358575165e-02
-4.447017634356491556e-01 2.030512678365425927e-02
-4.267971827647087935e-01 2.131609801477907240e-02
-4.256289905189376555e-01 1.764974529891105703e-02
-4.253913669288849064e-01 1.692044366609479766e-02
-4.257687938130203520e-01 1.926633705237179583e-02
-4.334797703186143991e-01 2.046405225833325403e-02
-4.263369126483578242e-01 1.503149417948179689e-02
-4.089820824812129274e-01 1.972908130564121620e-02
-4.250156777811628928e-01 1.517783798514926730e-02
-4.293677775627671167e-01 1.541491449417264903e-02
-4.272759729557016328e-01 1.671785574689010900e-02
-4.466154527381664963e-01 1.658322834404657442e-02
-4.180236653736333352e-01 1.423134918357504830e-02
-4.314147139977979606e-01 1.420711460893642197e-02
