-1.458721908793955606e+02 4.423370506771706090e+01
-1.458721908793955606e+02 2.682453399656346349e+01
-1.750829951577816601e+01 3.008200115966285892e+01
-1.750829951577816601e+01 2.802153280684388648e+01
-1.750829951577816601e+01 2.341191718957209744e+01
-1.750829951577816601e+01 2.216129617536874008e+01
-1.750829951577816601e+01 2.631886049768027647e+01
-1.962645559440068510e+01 2.212025184716176227e+02
-9.723310252959356248e+00 1.929223105496382118e+01
-9.440100476019837927e+00 1.639410076122544524e+00
-7.878025195912796264e+00 3.094922292644696427e+00
-1.059317944285768576e+01 7.689526525489327469e-01
-9.559371565535982995e+00 4.751611284061425522e-01
-1.005168871621753723e+01 5.337424605471596806e-01
-8.303802312512445383e+00 3.862494195862211654e-01
-7.812262011790600980e+00 5.988884104661451602e-01
-8.359019358302120395e+00 3.184368789630127594e-01
-7.415437044441244296e+00 4.556603769855769315e-01
-5.159372718943398439e+00 1.926590127544699271e+00
-6.458930490097913868e+00 5.137219388765856820e-01
-3.783799457532484034e+00 1.742751897094223068e+00
-1.129807430476574837e+00 4.554671003301052679e+00
-9.197424156729283595e-01 1.930801504755601172e+01
-5.799922884520967159e-01 1.352533948393528362e+00
-5.872519357586760691e-01 4.481795295487813746e-01
-4.375433499325396269e-01 4.420563979188898429e-01
-4.907965615319600516e-01 2.788142546131098243e-01
-8.355941489371438990e-01 2.027689385448070425e-01
-4.411496022887391177e-01 4.986816127305075952e-01
-5.967979349775944797e-01 1.586010165082996082e-01
-7.776945285481193793e-01 1.993373019546993419e-01
-7.391370374129913046e-01 1.221160645291377023e-01
-6.866024285074612266e-01 1.057378487138294076e-01
-1.024369546640537365e+00 1.366618396854732964e-01
-7.156721320010941412e-01 1.018076723795502403e-01
-6.597315573190041249e-01 5.682283443329083639e-02
-6.145644661385762930e-01 7.901074876437519379e-02
-7.417590617619946869e-01 7.247339688606757591e-02
-8.068540550010361301e-01 7.206272303417904368e-02
-7.368707487395091960e-01 4.763833718095611403e-02
-9.798056916446231668e-01 8.885630124419208187e-02
-7.384054418653622776e-01 5.716177210678097254e-02
-4.974999120780463358e-01 5.880792142303903347e-02
-5.269467831066450003e-01 6.026608132145838681e-02
-5.798064314709066025e-01 4.995060352879931997e-02
-7.395562711830905300e-01 4.109976795760417190e-02
-5.239810735886152315e-01 5.112658497532152069e-02
-5.619239795492365630e-01 5.038157243143359665e-02
-5.756175689618530100e-01 4.947908910182263753e-02
-6.465457712453321903e-01 2.774075374961171292e-02
-6.599751870625372163e-01 3.560506389399620275e-02
-7.382460727843866977e-01 4.011296524438989763e-02
-6.456271653690706103e-01 3.405240138661724814e-02
-7.399059368270481940e-01 3.071435181880133314e-02
-8.051264297430904548e-01 3.702164955382158951e-02
-1.013797064862833608e+00 6.792446146616271108e-02
-7.908569667550153781e-01 4.186339941890082628e-02
-7.190690800335826083e-01 3.626045087665374922e-02
-6.443651925062443553e-01 3.373318412238290875e-02
-8.018147029453199792e-01 4.122327741140452417e-02
-7.701961089904401092e-01 3.475170677688765863e-02
-7.481752398501129164e-01 3.239925178201019662e-02
-7.391400712453659594e-01 2.479901216614166515e-02
-5.879786273887859238e-01 2.483168306471839060e-02
-6.144057832662284113e-01 2.573626494498171269e-02
-7.876132023125492765e-01 2.555460105423890127e-02
-5.653864904412113646e-01 2.547115112810161008e-02
-7.647510529402445911e-01 2.674348455275321612e-02
-5.925083808996607360e-01 2.311071670663977784e-02
-7.577888669489336593e-01 2.102431182376562901e-02
-4.712083778170370607e-01 4.886647552808653927e-02
-5.955160063940816428e-01 2.542286717968522680e-02
-5.647257245598993336e-01 2.597996315259365474e-02
-7.949878962431338181e-01 2.417543075961248178e-02
-6.203664649277857990e-01 1.429680422111800908e-02
-5.507469979085684031e-01 3.031336657090832887e-02
-5.568685207780550428e-01 2.422436191741894618e-02
-5.666176489430014840e-01 2.615496650830095859e-02
-6.544513801234721484e-01 2.109061600737049957e-02
-6.469543378568793912e-01 1.625149791942703814e-02
-5.571907153194040063e-01 2.220239505655285939e-02
-5.475644012589580001e-01 2.046217996729637889e-02
-6.258509289653080288e-01 2.231101272880664510e-02
-6.119720521776823574e-01 1.995141232296759881e-02
-5.080228820355738861e-01 2.961256203278139765e-02
-5.298571701046466131e-01 2.593886453917093604e-02
-5.684884794249764894e-01 1.430803661375534830e-02
-5.809115954312105146e-01 1.964456708344641811e-02
-6.424250543793572632e-01 1.758586444236698298e-02
-5.975484039223548649e-01 1.818004607505940839e-02
-4.602235441197279897e-01 4.186396198824127168e-02
-5.051301274644011130e-01 2.474227290736052964e-02
-5.757324513736392646e-01 1.535661794841303163e-02
-6.026769294866696214e-01 1.247953593582451504e-02
-5.799034470711088574e-01 1.609878873551906509e-02
-5.158059065175688573e-01 2.929141312529282004e-02
-6.041900688626729021e-01 1.510763968292394566e-02
-5.483440302404574140e-01 1.691831174116487091e-02
-5.375440274866871704e-01 1.477029008054842052e-02
-6.177648616356758993e-01 1.326273847263337302e-02
