-1.458721908793955606e+02 1.976857943150541814e+02
-5.954975825234442688e+00 2.129291579147330538e+02
-5.954975825234442688e+00 7.960817822823818801e+01
-5.954975825234442688e+00 6.610693463664506453e+01
-5.954975825234442688e+00 4.725356423525103367e+01
-5.954975825234442688e+00 3.539351197900231227e+01
-9.925676215710632633e+00 3.426082251603013162e+01
-5.954975825234442688e+00 1.980364020926744217e+01
-5.954975825234442688e+00 9.810161144014344359e+00
-3.193389783370410129e+00 9.794213952367682552e+00
-1.959083194684138718e+00 1.272919455909823228e+01
-5.954975825234435582e+00 9.415172545531826032e+00
-2.638165509370573147e+00 9.752852371981255430e+00
-2.759658684137761497e+00 1.527719127274826860e+02
-2.337152224073911988e+00 6.808943993470325751e+00
-2.308013132474150630e+00 7.792270283371593109e+00
-2.658002864110596164e+00 6.318958676776929906e+00
-2.724332713215911639e+00 7.504883942342942760e+00
-2.312521699817287946e+00 6.406194938984356213e+00
-2.457849711912733603e+00 5.911636466367408360e+00
-2.424793845942847526e+00 5.911521879400453372e+00
-2.311170354640092128e+00 5.502936389227095049e+00
-2.673735304148559422e+00 4.906709966998974437e+00
-2.334103749663084315e+00 4.423335793491744994e+00
-2.308055066644779885e+00 4.304280730563860402e+00
-2.311216557193684906e+00 3.375669860924531918e+00
-2.309116265319138606e+00 3.034943507832110754e+00
-1.077639588002337590e+01 2.420115750359764206e+02
-1.961194397163776415e+01 1.741540420120922761e+02
-1.779785323203301317e+01 1.553353518180781805e+02
-1.106038304723099230e+02 3.360461922078445696e+02
-1.767067855958829625e+01 3.232859527845010916e+02
-1.608038571048255250e+01 2.169687568647011915e+02
-5.322212181195737912e-01 1.057491598820027434e+01
-4.337419552966377267e-01 1.493840182522205851e+00
-4.599762846727042387e-01 1.303250214033312204e+00
-4.429892248526865473e-01 1.191481930630629904e+00
-4.573181780142920871e-01 1.454272667498628380e+00
-4.553226919751960367e-01 5.425055402150746886e-01
-4.596328523657895460e-01 5.575630224925305356e-01
-5.106951432354787102e-01 7.858458361357634203e-01
-4.971250254082377751e-01 4.794177169485465129e-01
-4.879575898218178054e-01 2.051461320805572086e-01
-4.965378522920804727e-01 2.598999065817508836e-01
-4.884102131835330596e-01 1.780999400883729322e-01
-4.905461883116881694e-01 9.572653582486623236e-02
-5.029298894065483694e-01 2.138585482908865743e-01
-4.801621224843213298e-01 1.051288028076555747e-01
-4.841643007384774933e-01 1.625369452030724915e-01
-5.093571838331190094e-01 2.225816428813800485e-01
-5.063212239493584121e-01 3.751113167539301685e-01
-4.721042324547344293e-01 8.543205966449818334e-02
-4.640641232535376304e-01 7.593641036169174185e-02
-4.980763381044504001e-01 1.329360457382620098e-01
-4.828639007522834703e-01 8.237130624064548101e-02
-5.014931510196607434e-01 1.222751313909498094e-01
-4.814226194430126782e-01 6.781082506054758596e-02
-5.036529097072133254e-01 5.625210111619196596e-01
-4.727781470925762619e-01 5.021662521397729506e-02
-4.946248760856466475e-01 8.557429214670264628e-02
-4.677570995117772412e-01 5.090213472030313824e-02
-4.973576014221912089e-01 6.503018757837537578e-01
-4.783017243329084067e-01 4.742406307087776440e-02
-4.695480833266820753e-01 3.706914011249295982e-02
-4.700718327647450678e-01 3.405460797347359403e-02
-4.762128246089769590e-01 3.918872296139852551e-02
-7.078475756465820723e-01 3.290422578466746018e+00
-4.776996850008252693e-01 2.855017056478459381e-02
-4.759994077767562004e-01 4.386102707539407675e-02
-4.801601763501945896e-01 3.397183668562320236e-02
-7.016099805980129389e-01 5.453540614419125632e-01
-4.631330296728553009e-01 2.605111774681745374e-02
-7.824620707209088977e-01 4.715219232958844486e+00
-4.610209549517332306e-01 2.555048604293119752e-02
-4.722910061220169098e-01 2.927177366825617355e-02
-4.754705879633434051e-01 3.270310251457431150e-02
-4.632752095012886429e-01 4.280225062964859717e-02
-4.882921215194109266e-01 6.114490886346857224e-02
-4.867547087686059371e-01 7.149812550636625019e-02
-4.903642762968143387e-01 6.457051572584759924e-02
-4.864712873093406387e-01 4.659582979880383391e-02
-4.873421966344828604e-01 3.166949563457706063e-01
-4.764101616315148391e-01 2.897258107594780085e-02
-4.744633892527776453e-01 3.217685278835347162e-02
-5.775577578427029124e-01 2.902074138599743947e-01
-4.776174148458842694e-01 1.127569373217340853e-01
-5.002303606655136292e-01 1.093116399406710570e-01
-4.819621843480064172e-01 1.288222114993402556e-01
-4.842901880426904171e-01 1.010415925270251591e-01
-4.759755199761706024e-01 2.480247135730451191e-02
-5.142761909372275397e-01 1.026524790315193059e-01
-4.716084000960165667e-01 2.345549829297510769e-02
-4.871474279331966528e-01 8.504942813377169841e-02
-4.886777084230171653e-01 9.570560094212510194e-02
-4.896401713339084694e-01 8.365736791736821942e-02
-4.926756618973353596e-01 7.451259848582481027e-02
-4.828602444039091779e-01 6.863716253980101101e-02
-9.197687406417909273e-01 2.113845317801974488e-01
-9.496221492489542726e-01 2.352562365462915750e-01
-4.786921643809467497e-01 6.657963561417545861e-02
