-1.454341342861035713e+01 1.178235419476686729e+01
-5.954975825234442688e+00 7.571075650754252706e+00
-5.954975825234442688e+00 3.340328539243941464e+00
-5.954975825234442688e+00 2.852725439444540712e+00
-5.954975825234442688e+00 2.508984902452610299e+00
-1.549590317121642613e+01 1.110292108894213925e+01
-5.954975825234442688e+00 1.736329867763757306e+00
-5.954975825234442688e+00 7.128005165295121515e-01
-5.954975825234442688e+00 5.292917129258540854e-01
-5.954975825234442688e+00 4.722633383509275973e-01
-5.954975825234442688e+00 5.552868322390764888e-01
-5.954975825234442688e+00 3.044348694275242906e-01
-5.954975825234442688e+00 1.946223482619302558e-01
-5.954975825234442688e+00 3.689861065754058700e-01
-5.954975825234442688e+00 1.418663346070445641e-01
-5.954975825234442688e+00 2.043555553015039550e-01
-5.954975825234442688e+00 1.517831358017218690e-01
-5.954975825234442688e+00 1.958362889720888234e-01
-5.954975825234442688e+00 9.648380906918418987e-02
-3.565551668060144408e+01 1.967973741216975725e+02
-5.954975825234442688e+00 8.800354478925953572e-02
-1.887881898533283476e+01 1.556730545245818575e+01
-5.954975825234442688e+00 6.035119735021510223e-02
-5.954975825234442688e+00 1.625337398583184267e-01
-5.954975825234442688e+00 6.000945276490199376e-02
-5.954975825234442688e+00 5.480981306706667056e-02
-5.954975825234442688e+00 4.094045641654986412e-02
-5.954975825234442688e+00 7.698430665163868980e-02
-5.954975825234442688e+00 9.387443012379037555e-02
-5.954975825234442688e+00 5.407255499980578861e-02
-5.954975825234442688e+00 5.260048066189426663e-02
-5.954975825234442688e+00 5.738935980052417563e-02
-5.954975825234442688e+00 7.098539329692243882e-02
-5.954975825234442688e+00 6.643111462730644234e-02
-5.954975825234442688e+00 5.020136359952687144e-02
-5.954975825234442688e+00 3.375567637030485457e-02
-5.954975825234442688e+00 4.827900631168802192e-02
-5.954975825234442688e+00 4.653971861587535841e-02
-5.954975825234442688e+00 4.604098975620729561e-02
-5.954975825234442688e+00 2.849487793717742079e-02
-5.954975825234442688e+00 4.450032530155567656e-02
-5.954975825234442688e+00 3.361051093656897137e-02
-5.954975825234442688e+00 3.949050383313590373e-02
-5.954975825234442688e+00 4.689048895492931024e-02
-2.019871714011117092e+00 4.685589271165127911e+00
-1.977746981667772630e+00 1.982507752027018455e+00
-1.971883566875012761e+00 1.152215404872521276e+00
-1.966110426915072651e+00 5.874224394414397921e-01
-1.990994384366523207e+00 4.429891095678044621e-01
-1.966232447437924691e+00 2.965403948623475117e-01
-1.967764886852435779e+00 2.853490462297401109e-01
-1.970722401280863068e+00 1.853515710079136625e-01
-1.967115299787311145e+00 1.546439713803096083e-01
-1.978737642236431782e+00 1.967286320925154541e-01
-1.969925665969046946e+00 1.221965350263047867e-01
-1.968287705589311543e+00 1.621734573111979216e-01
-1.976257205061626721e+00 1.015131550682610850e-01
-1.971530719128747222e+00 1.175608607086360280e-01
-1.962953857228708188e+00 1.098366590364889817e-01
-1.979657132102909500e+00 8.644165565179662281e-02
-1.972896074780654985e+00 1.154721458498215725e-01
-1.984892993558187158e+00 8.246269954528884227e-02
-1.965312279888417279e+00 8.642079079768905103e-02
-1.970021719463979082e+00 7.650941696996937935e-02
-1.970385852568965035e+00 6.143417357984048977e-02
-1.968218901357424500e+00 7.579494332367175957e-02
-1.964245352424702773e+00 5.479967222503034918e-02
-1.969416534494200732e+00 5.951249067571495743e-02
-1.979697070461504893e+00 5.391417736154835438e-02
-1.975520744100300874e+00 5.488689013908754077e-02
-1.973534839962923115e+00 5.015940951403763393e-02
-1.973935374409769850e+00 4.763751165536689314e-02
-1.982472232087536312e+00 4.191810382228311482e-02
-1.967913571896279024e+00 3.483235019118069431e-02
-1.963688488125391984e+00 4.398855297800707831e-02
-1.963654350126530446e+00 3.965332551560152297e-02
-1.962408178997801400e+00 4.621724276105965146e-02
-1.964110226079293753e+00 3.376276198025607300e-02
-1.971197630324422079e+00 3.911429513284758741e-02
-1.970856750677629776e+00 3.377370703209692238e-02
-1.962897048155502588e+00 3.705688686838470858e-02
-1.976292786240678723e+00 3.578020917616697716e-02
-1.964877980372484956e+00 4.028710038242877545e-02
-1.965904488489860213e+00 3.891952612522686650e-02
-1.970971617432844880e+00 3.968545711536819454e-02
-1.974275561040743199e+00 2.896901497985027163e-02
-2.913338052668446920e+01 1.526461444864038697e+01
-1.976028120762174822e+00 2.883085084484093841e-02
-1.978023228558049240e+00 3.281350295254981120e-02
-1.974059430887454170e+00 2.756205624037022517e-02
-1.970284131184799392e+00 3.250349137240959863e-02
-1.974353581669033630e+00 2.673623615136477838e-02
-1.966043277213062268e+00 3.087762843641428390e-02
-1.971138280882211546e+00 2.482334742637704039e-02
-1.970716157007528224e+00 2.721449279447085701e-02
-1.961817315782436566e+00 2.155844493894676361e-02
-1.968016737015876316e+00 2.393665147290846562e-02
-1.965045926164812329e+00 2.568372920998740483e-02
-1.980143925005039662e+00 2.268077058991480044e-02
-1.967904294745574489e+00 2.129460419143924810e-02
