-5.954975825234442688e+00 3.765247161353219951e+01
-1.750829951577816601e+01 7.860914900115798787e+01
-1.750829951577816601e+01 9.074932589944981487e+01
-1.422240698732069291e+02 1.164790958744538898e+02
-5.954975825234442688e+00 4.707959110468138419e+00
-1.491144692197539996e+02 1.268216707332534980e+02
-5.954975825234442688e+00 2.907361450769414546e+00
-5.954975825234442688e+00 2.827173953662835970e+00
-5.048288420750016492e+00 4.212632234576631163e+00
-4.860386552101001456e+00 2.904364651516146978e+00
-4.418092151993013417e+00 4.350890762370482889e-01
-4.936805125902377966e+00 4.609423589400591936e-01
-5.142716227079869640e+00 4.387460414388044683e-01
-4.504732382835520355e+00 2.392096680334958592e-01
-4.741152135865142725e+00 3.330830026024926838e-01
-4.306960728012752426e+00 1.550214499724091866e-01
-4.745324807298032965e+00 1.197987854814641651e-01
-5.001320281787576150e+00 1.132795247390419036e-01
-5.954975825234442688e+00 1.300604049358469183e-01
-5.108152261749219214e+00 1.489582015014576655e-01
-5.028552708638553526e+00 1.580461262797996369e-01
-4.873925595222948104e+00 6.866095447897180293e-02
-4.773488922346796670e+00 9.307312078720997306e-02
-4.381293666667706255e+00 8.106417885443306659e-02
-4.716989691910077553e+00 6.954445051793811672e-02
-1.750829951577816601e+01 1.042050217733759609e+00
-4.939875649042602568e+00 7.094459130576069583e-02
-5.058062595717997212e+00 6.728248048149509941e-02
-4.650116217807246599e+00 5.503625178461390988e-02
-4.725409821912613495e+00 4.918067176689078224e-02
-4.874911771030152607e+00 6.875839773401537514e-02
-5.954975825234442688e+00 1.761298541752438496e-01
-4.054182295775323297e+00 5.310013728313833781e-02
-5.954975825234442688e+00 1.194863370110539336e-01
-4.661423174141232195e+00 4.926081794168624128e-02
-4.868706400313061344e+00 4.066825060955636673e-02
-4.952072499608116019e+00 6.346642391126522398e-02
-4.820783764570693464e+00 4.687232498409343862e-02
-4.675538016432364330e+00 4.701894293185659990e-02
-4.504779710312348584e+00 3.549478031439434744e-02
-4.691195377342465278e+00 5.947306089549897479e-02
-4.521116963290999990e+00 3.281216082361027020e-02
-4.660506981813711036e+00 5.665718154955357022e-02
-4.372862415133958791e+00 3.545851923145448836e-02
-4.703882868454337896e+00 3.911100779234288893e-02
-5.954975825234442688e+00 1.567991783459348198e-01
-5.954975825234442688e+00 1.175804073187691756e-01
-4.622257927362952046e+00 3.016801941927838016e-02
-4.707866943537368343e+00 2.515249804336860961e-02
-5.954975825234442688e+00 1.257327933747518500e-01
-4.485646382579785652e+00 2.340690117598853703e-02
-4.581729926825957477e+00 3.813111776233313321e-02
-4.609892948024413073e+00 2.350076085970442819e-02
-4.803535564822529302e+00 3.297291112156131021e-02
-4.193342808602977811e+00 3.476588865024154984e-02
-5.954975825234442688e+00 1.279830563758963535e-01
-5.954975825234442688e+00 1.783359244836475455e-01
-4.356858764555781249e+00 2.794892893264488976e-02
-3.676677987294645789e+00 1.560350094957954070e-01
-3.762922142949781446e+00 1.093051242271627643e-01
-3.486065942547030616e+00 1.616514859567530493e-01
-3.436230831032443866e+00 1.333183274850142652e-01
-3.164700773519593113e+00 2.374396618846503770e-01
-3.040292175168113786e+00 3.870697057462706425e-01
-5.954975825234442688e+00 1.397296562744969606e-01
-3.059889179850731722e+00 2.095318799937899712e-01
-3.018605492469551344e+00 2.263007084479369269e-01
-3.053506096368045597e+00 3.017777288454510654e-01
-5.954975825234442688e+00 1.504081586361110112e-01
-3.193517005199444370e+00 2.073749656082100046e-01
-3.073753056027327624e+00 1.805449684717359560e-01
-3.140452588222117924e+00 1.530983839148944980e-01
-5.954975825234442688e+00 1.020481063306561964e-01
-3.533560573513559788e+00 2.616376756055132091e-01
-3.469063022523793727e+00 2.039074818589625693e-01
-3.285011618995850924e+00 1.359826025066297461e-01
-3.337975104363685830e+00 1.323656185110309025e-01
-5.954975825234442688e+00 9.047202518208052879e-02
-3.205238338559609268e+00 8.129979687581112557e-02
-3.309772142583820020e+00 1.046509070585557311e-01
-3.166106918465283471e+00 8.179264860909540857e-02
-3.108000885880014330e+00 7.211610499928156059e-02
-3.221957735916079812e+00 6.265506111742524809e-02
-3.123161838536992363e+00 6.183843494484619896e-02
-3.010331728282885422e+00 5.613877124702071342e-02
-3.302642995827486772e+00 7.375717583360597018e-02
-3.096418715704873925e+00 5.288939991930874385e-02
-3.253607324820323221e+00 5.076288703308762251e-02
-5.954975825234442688e+00 7.956710587930615475e-02
-3.143696263189536211e+00 4.961194238929067524e-02
-3.335182319388204419e+00 6.359907456828750583e-02
-3.212619954542416778e+00 5.201168506668807368e-02
-3.204440659467761243e+00 4.159096503991577265e-02
-3.271274395226054565e+00 4.756305947576322524e-02
-3.262264041458188046e+00 4.776923517026432364e-02
-3.164159644722726483e+00 4.910490843457182564e-02
-3.169564544560247832e+00 4.156866568439454568e-02
-3.307327279224814731e+00 4.984857917793306115e-02
-3.205120058794843629e+00 4.062003484118292818e-02
-3.092810702188936389e+00 3.486743437279926638e-02
