-2.747543762452181113e+02 2.337415371597217018e+01
-1.458721908793955606e+02 2.795948603845166147e+01
-5.954975825234442688e+00 2.779126027428788248e+01
-5.954975825234442688e+00 2.525973140206629353e+01
-8.705337894138658328e+00 1.421012629120460531e+02
-1.109332051580093150e+02 3.330259122040291686e+02
-1.604008028053777224e+01 3.125202755199200624e+02
-5.954975825234442688e+00 5.840336368675536960e+00
-1.750829951577816601e+01 3.476930917031541526e+02
-5.954975825234442688e+00 1.281068485455705286e-01
-5.954975825234442688e+00 7.650272314528479001e-01
-5.954975825234442688e+00 4.697850071095786006e-01
-5.954975825234442688e+00 2.829871842757256672e-01
-1.961552015303475827e+01 1.254504701338656787e+02
-5.954975825234442688e+00 1.440918968467315153e-01
-1.982745490052960591e+01 1.882570062433732687e+02
-5.954975825234442688e+00 1.588918340516443095e-01
-1.954890945492518028e+01 1.480006811537576823e+02
-5.954975825234442688e+00 2.777153374540546338e-01
-5.954975825234442688e+00 1.576540747049364199e-01
-5.954975825234442688e+00 1.099227365540684787e-01
-5.954975825234442688e+00 9.807166250149634834e-02
-5.954975825234442688e+00 6.284935861191343065e-02
-5.954975825234442688e+00 7.390433551842079396e-02
-5.954975825234442688e+00 8.853775856087509055e-02
-5.954975825234442688e+00 6.286904068213061691e-02
-5.954975825234442688e+00 6.367902645320100419e-02
-5.954975825234442688e+00 6.192735003571669949e-02
-5.954975825234442688e+00 5.977806190247747509e-02
-5.954975825234442688e+00 5.042082743295850378e-02
-5.954975825234442688e+00 4.350335987416542594e-02
-5.954975825234442688e+00 4.346944773320160493e-02
-5.954975825234442688e+00 4.087184614959937790e-02
-5.954975825234442688e+00 5.518488034417146082e-02
-5.954975825234442688e+00 2.587011402724215259e-02
-5.954975825234442688e+00 3.946641986235022159e-02
-5.954975825234442688e+00 3.724284094897711839e-02
-5.954975825234442688e+00 2.486244136937898475e-02
-5.954975825234442688e+00 2.407974572452076245e-02
-5.954975825234442688e+00 2.399843105467880378e-02
-5.954975825234442688e+00 2.708674901884933206e-02
-5.954975825234442688e+00 3.337751636684060941e-02
-5.954975825234442688e+00 3.166525299670297500e-02
-5.954975825234442688e+00 3.979763417260073766e-02
-5.954975825234442688e+00 2.786574347049963762e-02
-5.954975825234442688e+00 3.504594237011815494e-02
-5.954975825234442688e+00 2.922356579148299716e-02
-5.954975825234442688e+00 3.048829110963424682e-02
-5.954975825234442688e+00 2.588985676177912865e-02
-5.954975825234442688e+00 2.396925662426951931e-02
-5.954975825234442688e+00 2.027600165146736799e-02
-5.954975825234442688e+00 2.611811708396771792e-02
-5.954975825234442688e+00 2.210722434026024530e-02
-5.954975825234442688e+00 1.744705576723504237e-02
-5.954975825234442688e+00 2.175462534393091119e-02
-5.954975825234442688e+00 3.209872745327402299e-02
-5.954975825234442688e+00 2.614451197698031137e-02
-5.954975825234442688e+00 2.210663053384109844e-02
-5.954975825234442688e+00 2.544664807047070099e-02
-5.954975825234442688e+00 1.988260354659132645e-02
-5.954975825234442688e+00 1.529811784777734829e-02
-5.954975825234442688e+00 2.319672947714934708e-02
-5.954975825234442688e+00 1.681472684887808100e-02
-5.954975825234442688e+00 2.167332543638167408e-02
-5.954975825234442688e+00 1.724884658534620030e-02
-5.954975825234442688e+00 1.973230413710780340e-02
-5.954975825234442688e+00 1.769472586636311462e-02
-5.954975825234442688e+00 2.282291451797391346e-02
-5.954975825234442688e+00 2.133386238065781981e-02
-5.954975825234442688e+00 1.590633907940741665e-02
-5.954975825234442688e+00 1.667156362248078949e-02
-5.954975825234442688e+00 1.509273471404526390e-02
-5.954975825234442688e+00 2.046469506282733164e-02
-5.954975825234442688e+00 1.678974281753653486e-02
-5.954975825234442688e+00 2.082112839792671366e-02
-5.954975825234442688e+00 1.573955134011839618e-02
-5.954975825234442688e+00 1.189740020134877341e-02
-5.954975825234442688e+00 1.509385749119473985e-02
-5.954975825234442688e+00 1.469583591014611557e-02
-5.954975825234442688e+00 1.659441868781641460e-02
-5.954975825234442688e+00 1.260483186635497077e-02
-5.954975825234442688e+00 1.638337640602571810e-02
-5.954975825234442688e+00 1.180749515012280426e-02
-5.954975825234442688e+00 1.363846985375971599e-02
-5.954975825234442688e+00 1.258114312631164466e-02
-5.954975825234442688e+00 1.447888787970441626e-02
-5.954975825234442688e+00 1.370974149273251896e-02
-5.954975825234442688e+00 1.363725867958009985e-02
-5.954975825234442688e+00 1.538733679902293261e-02
-5.954975825234442688e+00 1.395882406612258819e-02
-5.954975825234442688e+00 1.505390207375967293e-02
-5.954975825234442688e+00 1.217549625852143436e-02
-5.954975825234442688e+00 1.249776687572534684e-02
-5.954975825234442688e+00 1.170603737867281779e-02
-5.954975825234442688e+00 9.412834042223039432e-03
-5.954975825234442688e+00 1.188772693026862726e-02
-5.954975825234442688e+00 1.179118858939887104e-02
-5.954975825234442688e+00 1.114996071166274305e-02
-5.954975825234442688e+00 1.084326368342658498e-02
-5.954975825234442688e+00 1.145836247053466650e-02
