-5.954975825234442688e+00 3.219792026866761603e+01
-5.954975825234442688e+00 2.498159646022585889e+01
-5.954975825234442688e+00 2.402035866332748526e+01
-1.787129339599018252e+01 3.554136011775324278e+01
-8.438931730648548069e+00 1.073179019164508752e+01
-1.238856789058538865e+01 1.026174013069533686e+01
-5.954975825234442688e+00 5.576555406462805564e+00
-5.954975825234442688e+00 5.220026354449395001e+00
-5.954975825234442688e+00 5.410293815112680704e+00
-9.077142773083874516e+00 1.776113144069497807e+01
-5.954975825234442688e+00 4.868439770959398061e+00
-5.954975825234442688e+00 4.103964807885695620e+00
-5.954975825234442688e+00 3.922261436463607254e+00
-5.954975825234442688e+00 3.313654700101078987e+00
-5.954975825234442688e+00 3.294123388630993077e+00
-5.954975825234442688e+00 2.921946080559724379e+00
-5.954975825234442688e+00 2.775245962396198252e+00
-5.954975825234442688e+00 2.692376676593806195e+00
-5.954975825234442688e+00 2.900696424799228623e+00
-5.954975825234442688e+00 2.357176089092980931e+00
-5.954975825234442688e+00 2.272910109720921668e+00
-5.954975825234442688e+00 2.094586511557757547e+00
-5.954975825234442688e+00 1.625566933167611694e+00
-5.954975825234442688e+00 2.026461159291457648e+00
-5.954975825234442688e+00 1.694714987108469018e+00
-5.954975825234442688e+00 1.564994921622712809e+00
-5.954975825234442688e+00 1.272245073265253268e+00
-5.954975825234442688e+00 1.856985816754551877e+00
-5.954975825234442688e+00 1.306489356188734519e+00
-5.954975825234442688e+00 1.235484009987022347e+00
-5.954975825234442688e+00 1.239105380415175262e+00
-5.954975825234442688e+00 1.642338060619678686e+00
-5.954975825234442688e+00 1.529202405278486054e+00
-5.954975825234442688e+00 1.089375978299219838e+00
-5.954975825234442688e+00 1.433838034772492165e+00
-5.954975825234442688e+00 1.119033914230758597e+00
-5.954975825234442688e+00 1.281299821631236568e+00
-5.954975825234442688e+00 1.005204321566409931e+00
-5.954975825234442688e+00 9.259530233872439453e-01
-5.954975825234442688e+00 9.587928064582982302e-01
-2.889499256534275418e+00 6.188202139001035107e+00
-3.064342818419491188e+00 9.285945024400064085e-01
-2.975037620322863674e+00 5.754722629190069938e-01
-3.171673982606403541e+00 3.296535659423938114e-01
-2.724532648436355231e+00 2.571588305678602637e-01
-3.006971555196802370e+00 1.844273147105752741e-01
-3.140943036736036476e+00 1.533847355430850712e-01
-2.804506970697074664e+00 1.831020199501551815e-01
-2.955110390175136104e+00 1.361093925879544031e-01
-2.476382294628818315e+00 2.970986117736913457e-01
-2.630156344358335119e+00 2.338299420084126723e-01
-2.305492206664361277e+00 3.390732825621398661e-01
-2.370213855523365609e+00 3.000362753628849077e-01
-1.936002000586977800e+00 8.803826174889479717e-01
-4.937444252313123449e+00 6.482974057002053314e-01
-2.431502187886021460e+00 2.358595782472008295e-01
-2.316254120741939815e+00 3.101183383171530750e-01
-2.397746389088792895e+00 2.144471307366586643e-01
-2.740486660295373689e+00 1.473872995130705021e-01
-2.723509553550160334e+00 1.844108969344517845e-01
-2.413715569277833595e+00 1.692067258035621080e-01
-2.160421333272234179e+00 1.908252808797783473e-01
-2.420826621217773145e+00 1.149068205616714522e-01
-2.273442778568900202e+00 1.339247283121238752e-01
-2.279300960560265210e+00 1.189685881058295536e-01
-2.101155569938614853e+00 1.028164127035182673e-01
-2.084234472977890107e+00 1.133095781238040445e-01
-2.554500061886316509e+00 8.244632330368517614e-02
-2.136545690917809992e+00 1.257507689524857142e-01
-1.753359496073823465e+00 2.138953332254516226e-01
-1.961416661296139452e+00 1.256892571492898014e-01
-1.655953299153097191e+00 2.113081197780530829e-01
-1.613736256374679101e+00 1.875261653368625048e-01
-1.647368708326483855e+00 1.550711856193487392e-01
-5.954975825234442688e+00 2.926110613081789324e-02
-6.711678173091062405e-01 7.740608483753277369e-01
-7.153340018754352769e-01 3.381356256199623544e+00
-4.935957644940156541e-01 3.814265684424071878e-01
-6.485036414914286951e-01 6.379402720081230882e-01
-4.961725957305009871e-01 2.819305003747274441e-01
-5.307414137967541023e-01 2.279167170705846956e-01
-6.996577268688550788e-01 2.361592004253623145e-01
-8.024362873587893574e-01 3.217631162387561972e-01
-8.464679227857470067e-01 4.419495457932072213e-01
-6.579118568523707467e-01 1.891924224701995172e-01
-6.378002321238458450e-01 1.136649033152821175e-01
-5.680664155763786027e-01 9.343260266741992837e-02
-1.004728636956988552e+00 3.259400401307885886e-01
-6.079746535738497215e-01 1.142451649779303580e-01
-4.865958075270508942e-01 9.121575479775856365e-02
-5.457153638431897491e-01 7.748319044213758389e-02
-5.125181356619510353e-01 6.899703765554932033e-02
-6.031540420373531219e-01 7.752817173283688135e-02
-4.904204055560921205e-01 6.000736212575930040e-02
-7.663754978590695544e-01 1.225678251713020472e-01
-4.653794691448638332e-01 5.883456668823328073e-02
-5.610973468358615435e-01 5.002409328110957176e-02
-5.183548067764931488e-01 4.500719328380853312e-02
-5.078652999972703697e-01 4.122593142811581401e-02
-4.502835824634754402e-01 5.327416931810091683e-02
