-5.954975825234442688e+00 6.620000028397512892e+01
-1.458721908793955606e+02 4.928818461751360758e+01
-5.954975825234442688e+00 3.589577105653098954e+01
-5.954975825234442688e+00 3.186171774798200573e+01
-2.379269062717533245e+00 4.546721352340171052e+00
-5.954975825234442688e+00 2.152925792621289247e+00
-2.425429862950227999e+00 4.126451914638948892e+00
-5.954975825234442688e+00 4.170914792213622491e+00
-5.954975825234442688e+00 6.744136795891478187e+00
-5.954975825234442688e+00 2.732186505902717499e+00
-5.954975825234442688e+00 4.569207489872155747e-01
-5.405737990226072753e+01 2.630590708101928499e+02
-1.956215146892336776e+00 5.716355614640605154e+00
-2.374614560340108760e+00 3.677789898130977519e+01
-2.409164782866882959e+00 6.906660922512344314e+00
-1.996985951318762886e+00 1.742969851982195451e+00
-2.052353345726619871e+00 1.009037808909664591e+01
-1.995664889864624314e+00 8.362340677328745642e-01
-1.998763595150107264e+00 1.322925148803136608e+00
-1.982682601453230831e+00 5.760504798874137578e-01
-1.994347439004535261e+00 6.309283245771268867e-01
-1.988755416487766325e+00 3.580002216606885668e-01
-1.983759590996264421e+00 2.697896910916881552e-01
-1.980095957089851311e+00 3.373793093341248550e-01
-1.974913400493074178e+00 2.679316608737735805e+00
-1.458721908793955606e+02 2.729942984133357413e+02
-1.944544095423421126e+01 3.178377408456974536e+02
-1.181631092571961972e+00 1.050830324700206120e+01
-1.952269602948236482e+00 2.103105780362852784e-01
-1.235397946621367282e+02 3.270543526170029054e+02
-1.186884102350036940e+00 2.543279643305177729e+01
-1.235662190883987535e+02 3.343852644877966895e+02
-1.992475074571510518e+00 1.472787012036178567e-01
-1.101317740054490457e+00 1.623380269027478562e+00
-1.989731333924622092e+00 9.845332735977763150e-02
-1.975224875955554182e+00 4.859984538040862390e-02
-1.989159130991227542e+00 5.171684833584322405e-02
-1.096318739986662294e+00 5.500111871212993719e-01
-1.094556764735020948e+00 3.517760893119259435e-01
-1.987576848365538496e+00 6.243457681273412163e-02
-1.998604373508902299e+00 9.742393501483093132e-02
-2.007259864769893376e+00 8.502709173259859199e-02
-1.108170704666413542e+00 2.044741171010571179e-01
-1.101914133241562510e+00 1.329376804683306545e-01
-1.991950926948332423e+00 6.692684943874382952e-02
-1.109051852871314026e+00 1.382134542856192638e-01
-1.102481834532550664e+00 1.229794480800023848e-01
-1.094994926554777592e+00 1.449720590465517489e-01
-1.100706367758633064e+00 1.108241448318665334e-01
-1.106542491704487929e+00 9.767498348651315609e-02
-1.984577626906908421e+00 4.485396206604264080e-02
-1.099752050963525463e+00 1.098304352547927465e-01
-1.142604635762255683e+00 8.804471907112088047e-02
-1.984263812954580430e+00 4.493899563726699853e-02
-1.980715384655542977e+00 4.269142773122780454e-02
-1.094870705497180907e+00 8.770641842022541823e-02
-1.091782988554385270e+00 6.520177202048671461e-02
-1.095928846181918104e+00 6.526832410713723220e-02
-1.099403727424236976e+00 7.910576227465071497e-02
-1.094798101077682162e+00 6.400551813061383655e-02
-1.095775354822741576e+00 6.467929299884644934e-02
-1.098385623882681017e+00 5.280978159234450686e-02
-1.098481658249012227e+00 5.017685511606373439e-02
-1.988701287671593931e+00 4.873598787617083872e-02
-1.984241289166424949e+00 4.711725503958064110e-02
-1.092402940336613781e+00 6.758805339791251754e-02
-1.991817979635998270e+00 4.139213337950309324e-02
-1.094432263631327729e+00 4.429021182386350119e-02
-1.984000300300296615e+00 4.094166044390590287e-02
-1.118511308878382238e+00 6.261642827865898653e-02
-1.104592789046003887e+00 4.768775390985524609e-02
-1.105436837063558997e+00 6.165969772001744786e-02
-1.095881494750498675e+00 5.757146473953866916e-02
-1.981015582886849202e+00 3.977645986981315218e-02
-1.097687195263040039e+00 4.304138025173642745e-02
-1.095324046864739387e+00 4.834969190443416664e-02
-1.100225092275957550e+00 4.329108678842885638e-02
-1.104630607127491615e+00 3.513271345624957576e-02
-1.109859100096949547e+00 3.496151591528473546e-02
-1.102878843655837215e+00 3.942764750235028259e-02
-1.127156602894272552e+00 3.855414156802794423e-02
-1.107497178373895608e+00 4.461663881784261321e-02
-1.100332887658902692e+00 3.949506824594095633e-02
-1.111817980520775961e+00 4.083657698814135983e-02
-1.106681068245158883e+00 3.286441898353587021e-02
-1.108057263828213124e+00 2.880290225382964309e-02
-1.098217255871849929e+00 3.238783804238209996e-02
-1.126778983560816627e+00 3.046963996820295506e-02
-1.984686664540385337e+00 3.221913273068821582e-02
-1.978687219616768189e+00 3.687856444147996626e-02
-1.114124303333849042e+00 2.896616283894104527e-02
-1.101289840495393690e+00 2.302412275750498338e-02
-1.097900169646639057e+00 3.397577981471044950e-02
-1.095099293443077215e+00 2.584948191619673707e-02
-1.103329742640530853e+00 2.671012816014695090e-02
-1.106123611737890755e+00 2.650331203028599703e-02
-1.101594624957554558e+00 2.437061559206199490e-02
-1.103434310318389677e+00 2.544599220044574395e-02
-1.979638267954012321e+00 3.175267422435013032e-02
-1.093080034819893243e+00 2.202614733630525734e-02
