-2.747543762452181113e+02 1.340960059167844349e+02
-2.654138936458297238e+01 1.437433894545328030e+02
-2.818620213062400737e+01 2.413459522466716010e+02
-1.374853656409038649e+01 2.952235794025920654e+02
-5.316367413576254108e+01 8.944729250039746660e+01
-4.119896337197262781e+00 2.333043626780335558e+02
-6.213329873212941834e+00 2.693907555329063825e+02
-1.776151678328660921e+01 2.992641761299707923e+02
-8.728073829084372903e+00 1.811354071009417908e+02
-1.747199250253644465e+01 2.952248219695311491e+02
-3.418050834030941232e+00 1.148504267833892101e+02
-1.452212955120787683e+02 3.204240937696320657e+02
-1.416941891870108918e+02 2.936246472111249659e+02
-2.215020577240104593e+00 9.768769813550022718e+00
-1.855377023532003733e+00 4.785377243588754936e+00
-1.109912415916056716e+00 1.400114795133106327e+00
-1.208742560943266042e+00 3.845353682181411159e+00
-1.123131956052406011e+00 2.335272733756141861e+00
-1.852037974148236898e+00 9.195023431569779859e-01
-1.056077345564265357e+00 1.057878991719519490e+00
-1.089260904228172677e+00 1.064104979919306970e+00
-1.008944604685410695e+00 5.450271154566621590e-01
-1.057829384377862780e+00 5.884480785683763315e-01
-1.856144943584020268e+00 6.169916777959656429e-01
-1.865849866283001646e+00 5.189235321172702697e-01
-1.099370558345759363e+00 2.361055031009868799e-01
-1.888223730728636696e+00 5.791097324300267246e-01
-8.549681603472514269e-01 7.619668936931418557e+00
-1.859255226331269384e+00 3.125780569417315746e-01
-1.123509672621008093e+00 3.329967729250284947e+00
-1.062651663171179095e+00 1.829350236889411008e-01
-1.094036514312543673e+00 1.614449693300059607e-01
-1.872948393295043701e+00 2.543924039004821225e-01
-1.102717995638741399e+00 2.122381745249981577e-01
-1.058152399892296813e+00 1.169754212569387164e-01
-1.075291921312524934e+00 9.331320445306801048e-02
-1.082996811790858160e+00 7.630499609311414133e-02
-1.883191377465974981e+00 1.965561364399377453e-01
-5.954975825234442688e+00 4.263776983707714408e-01
-1.059460857172588533e+00 7.606882091528177625e-02
-5.954975825234442688e+00 3.427021384540296367e-01
-1.067301596725993562e+00 9.131884557200464769e-02
-7.379895224067389847e-01 5.291852188386428679e+00
-1.063715715153600527e+00 8.095811559877574837e-02
-5.656224164389325182e-01 1.992110969230651563e+00
-1.070017679858455750e+00 8.387895531976141683e-02
-1.088257999806044651e+00 7.919358924010566625e-02
-1.063315915861112515e+00 5.860983726270774241e-02
-1.064419331612215913e+00 5.843662202948962658e-02
-1.061433062965559060e+00 6.294026725268508926e-02
-4.542729771711719877e-01 1.471491288027522160e+00
-5.747991062262052253e-01 6.706055113789943789e-01
-4.406321727169295599e-01 6.379556231225649299e-01
-4.641141176296876836e-01 3.690593155822625704e-01
-4.655365778215045935e-01 4.039036319626347904e-01
-4.781263787323162262e-01 2.841486860673967385e-01
-4.989144445651731985e-01 1.989526860430430588e-01
-5.036959246066565754e-01 1.454356313790867716e-01
-1.045891581974261797e+00 5.965575055080307720e-02
-5.170330929430857481e-01 1.025406438101299500e-01
-4.924824960421823050e-01 1.279562351421930089e-01
-5.328059408418024390e-01 9.636088143207643952e-02
-5.323776006011016193e-01 1.038495651968958100e-01
-5.061763905447094203e-01 9.748424193250571079e-02
-4.934532236069344435e-01 8.492033099693685472e-02
-4.904394993967411409e-01 8.443416862021990710e-02
-4.986219127421342989e-01 8.492498961297201276e-02
-5.137680948254512714e-01 7.496401275156472366e-02
-5.279473297778221053e-01 7.032132459787021617e-02
-5.808184530215818597e-01 6.585348424832204728e-02
-5.272890883946530494e-01 5.893603738442720896e-02
-5.194646295507414635e-01 5.521013480549186170e-02
-4.961065290623594137e-01 5.751605749571808701e-02
-5.278993764039938696e-01 4.774870726072322213e-02
-5.228138482231159401e-01 4.221730716949423368e-02
-5.211102037305881396e-01 5.761717436411117887e-02
-5.162272872914446253e-01 4.228282149765050235e-02
-4.901873333586639347e-01 4.371094668192654353e-02
-4.814137060923560085e-01 5.782038972708392066e-02
-1.070172490686625011e+00 5.008470723637969968e-02
-4.687435981971201926e-01 6.964007216814138701e-02
-4.756174859466071325e-01 4.904378970752532041e-02
-4.819081400061762110e-01 3.813748786473070140e-02
-1.050470792159842404e+00 4.314212477126488920e-02
-4.784079478817933051e-01 4.029747493692070748e-02
-5.011827327236098029e-01 3.677769656249552099e-02
-5.073838544358189040e-01 3.049091679756088524e-02
-4.927722365021871553e-01 2.809343766966776457e-02
-1.050498985283748965e+00 4.720046938365385358e-02
-4.945528543917827591e-01 3.197912886054155024e-02
-5.069077514448707689e-01 2.487531091711048248e-02
-4.993354995222105686e-01 2.727951622495083939e-02
-5.197268578526319516e-01 2.300450969079292918e-02
-5.954975825234442688e+00 3.232319898594653296e-01
-5.057782383306506091e-01 2.948002419421413833e-02
-5.262510295145386152e-01 2.729264382858787030e-02
-1.025081502164949754e+00 3.844002557895009886e-02
-5.139707707758240929e-01 2.456210601971520191e-02
-5.954975825234442688e+00 3.138218799907974699e-01
-1.062802236161475733e+00 4.666479554478542013e-02
