-2.747543762452181113e+02 7.858845515633532841e+01
-1.994290428437998486e+01 2.685892866391953930e+02
-3.603469563765525407e+00 1.973661175634976530e+02
-1.458721908793955606e+02 2.458941696613767363e+02
-1.750829951577816601e+01 1.708234272503146087e+02
-1.458721908793955606e+02 2.643230379906225949e+02
-2.067779830211031289e+00 3.240624737587626214e+01
-8.858025244902787421e-01 1.622915182398182310e+01
-5.143329174448311392e+00 1.089021461895870857e+01
-5.067026399303578899e+00 9.360835495866695055e+00
-2.087557999895622629e+00 2.580638083888771916e+00
-1.066485874541076129e+00 9.245036365787200339e-01
-2.114881946649759037e+00 9.435975436455521503e-01
-1.384450006407396572e+00 1.078603106050877614e+00
-1.195345187199475134e+00 7.102918330919010259e-01
-1.023837775955295015e+00 2.197872103501197216e-01
-1.270326520574165841e+00 1.877614492661336953e-01
-9.490821108230704795e-01 4.480783766781541999e-01
-1.098873519671673904e+00 1.443999157693554025e-01
-7.557430952769621513e-01 2.518168883253224521e-01
-9.491307645509987623e-01 1.993148503582347075e-01
-1.565086278777917173e+00 3.124196449676333032e-01
-1.013562363115379839e+00 1.574226824593552010e-01
-5.330676551579456657e+01 2.191020144979706288e+02
-7.709796499179493168e-01 2.396729186151844715e-01
-7.052048646808053434e-01 1.664662692260208132e-01
-8.324362825617797057e-01 2.437401529535634381e-01
-6.358254752638394791e-01 2.633823911668002893e-01
-6.995980972716164814e-01 1.250043560716846969e-01
-7.534903517773727799e-01 1.388678912081502403e-01
-7.635991182314807446e-01 1.237728863385711975e-01
-7.407845635145129393e-01 1.618262670870365127e-01
-7.251741423328947889e-01 1.158396378322947839e-01
-7.898096083328365324e-01 7.846053260587382283e-02
-7.683446899279022801e-01 1.108365572874276950e-01
-5.327277435034943665e+01 2.373176137574250220e+02
-7.436770926801283821e-01 9.522200089955390467e-02
-6.297550368637629958e-01 7.674473470294174149e-02
-7.027259268089292021e-01 6.146899881315448511e-02
-6.237733103441485127e-01 7.566466462321841391e-02
-8.905653000444271328e-01 8.355147340307667037e-02
-5.391548691773149216e-01 1.214629398249087444e-01
-7.001689974263705096e-01 7.156177874230706948e-02
-6.881575206331849159e-01 8.006151246746640027e-02
-7.172783363892030195e-01 8.894757968874955623e-02
-5.949671488430468003e-01 6.548234183162549016e-02
-8.239990354306065967e-01 6.100439020727321804e-02
-6.742003200491524240e-01 4.589759919878133587e-02
-5.082812325785948104e+01 1.951641143494072708e+02
-4.518638306892093226e-01 1.943350686489964119e-01
-6.635076114561400118e-01 4.888863363547102381e-02
-5.589154870091910254e-01 8.124017022106500008e-02
-5.055707632570385357e-01 7.777368541027840365e-02
-6.728448975782139740e-01 5.390567566314530268e-02
-4.887640181191681421e-01 8.221517357344509946e-02
-5.570533872629326311e-01 8.082519029656509701e-02
-5.793259394354475234e-01 6.478090332575447974e-02
-5.304930611469131918e-01 6.428748126671735008e-02
-4.213380130000157209e-01 1.922052360151269568e-01
-5.963966907945283680e+01 2.895377018484272185e+02
-4.856035300081302353e+01 1.847111003116954180e+02
-4.130190799492030607e-01 1.124728438900604033e-01
-4.459436552016562416e-01 7.615534703367643488e-02
-5.255994920033977280e-01 6.226418384352427893e-02
-4.543349951832684752e-01 7.044201556252005503e-02
-6.212033453077889789e-01 5.560093917569020050e-02
-4.755023398935165346e-01 5.950101188219036885e-02
-4.158638845627482539e-01 8.493554264740055260e-02
-6.304198766270552312e-01 5.683754585379574564e-02
-4.228752391300485414e-01 5.581956464047266309e-02
-4.314394315724747742e-01 6.473602479806572774e-02
-6.268332389280608652e-01 4.429633575122693401e-02
-4.722029998670347339e-01 4.473691926332890034e-02
-4.720277375847139467e-01 6.012675020519964164e-02
-5.024544185715331679e-01 5.118344493757831515e-02
-4.462115762325868928e-01 4.656314165544017669e-02
-5.422337179188403411e-01 3.741505214023277404e-02
-4.472299652573408224e-01 4.321425656712563068e-02
-4.858977718430104176e-01 4.049297172772980957e-02
-4.288319337569088674e-01 3.664950104391095920e-02
-4.298408676127607464e-01 4.283131937643247511e-02
-4.203743542514892795e-01 4.325469900629741460e-02
-4.239673987827945467e-01 3.599977506743812228e-02
-4.307318407975522234e-01 3.432975816161842886e-02
-4.690098763357113398e-01 2.597257913870976154e-02
-4.959058861133929241e-01 2.479705077786320544e-02
-4.458700784376574688e-01 3.441303326215461311e-02
-4.575374327700494348e-01 2.954305418691660634e-02
-1.060233421341730420e+01 3.161789816343943471e+01
-4.209902113411470026e-01 3.726952812573358642e-02
-4.321759690649855656e-01 4.587470927492631745e-02
-4.185158619053357398e-01 3.929990541715255858e-02
-4.868345464489500785e-01 2.579190783146145804e-02
-4.159953838622278965e-01 2.685249064452932544e-02
-4.453807307053274656e-01 2.872548983623346430e-02
-4.462766528495460960e-01 2.578260317895342268e-02
-4.351654953590280428e-01 2.423724638413204957e-02
-4.290666631772239725e-01 3.291894559910701901e-02
-5.440507041999467219e-01 1.985471285706807976e-02
-4.864052321235341481e-01 2.073329160737102939e-02
