-5.954975825234442688e+00 3.472248426693958123e+01
-5.954975825234442688e+00 3.142011664484610733e+01
-1.458721908793955606e+02 3.226976759784125193e+01
-1.458721908793955606e+02 2.726055267334263021e+01
-1.458721908793955606e+02 2.400303454776559420e+01
-1.458721908793955606e+02 2.034859453557606912e+01
-1.458721908793955606e+02 2.009119159755400830e+01
-1.750829951577816601e+01 2.617021544417283252e+01
-1.750829951577816601e+01 3.096860297763763725e+01
-1.750829951577816601e+01 2.306321435834252043e+01
-1.750829951577816601e+01 2.763134967936585440e+01
-1.595941043948650773e+00 1.664807376516820341e+02
-5.792850920462638165e+00 3.232248487288325123e+01
-2.852936656942540061e+00 2.631193874200215532e+01
-3.312504768778373965e+00 3.682055147757407099e+01
-2.639435211376968127e+00 1.059545661398734495e+02
-4.230040806083077420e+00 6.649178111108312805e+00
-4.931794587129708418e+00 3.614450300401728100e+00
-2.590628961393115048e+00 5.607162832034475741e+00
-1.761157087147279299e+01 1.151992841987939471e+02
-1.946451384386016414e+01 9.979343016220637708e+01
-1.312779433409566821e+00 1.204393942943426055e+00
-5.082018049272006621e+00 2.368645555909267841e+00
-4.364226573356364547e+00 1.397909331211053541e+00
-4.370385866280912524e-01 2.258391817804948687e+00
-4.352256226301989273e-01 1.763023015408947458e+00
-4.863314624659054175e-01 1.262098241653575315e+00
-4.649672929328119153e-01 5.355557894280877917e-01
-4.379437365792924197e-01 9.149230792812943491e-01
-4.688065432566919100e-01 3.173167948986304054e-01
-5.954975825234442688e+00 7.464305856259443317e-01
-5.147868117787037789e-01 2.128420724514796802e-01
-4.829526936230941203e-01 1.749827058326616225e-01
-5.369746264645414158e-01 2.258642342559369354e-01
-5.455382940712354412e-01 2.059328502986375042e-01
-5.448323661263110296e-01 1.245526448167026956e-01
-5.380669034815959151e-01 7.856396607661508824e-02
-5.115433304378758095e-01 9.823323888522850211e-02
-5.751604974166806272e-01 8.746404937278384750e-02
-4.389937844779900900e-01 4.844830644577768908e-02
-5.421573364034362186e-01 9.392357553110741719e-02
-4.820545115761376564e-01 5.552303823094462132e-02
-5.344205450821650771e-01 4.814741488459617358e-02
-5.391468415309006446e-01 5.263780784474647589e-02
-4.914989900815882606e-01 5.442584901209102100e-02
-4.798876018046929204e-01 5.630210208491348567e-02
-5.954975825234442688e+00 2.854406798778370558e-01
-4.755982177540118983e-01 4.031490958703898286e-02
-4.732483009190673329e-01 5.774526491029519093e-02
-3.078788742068293871e+01 1.596835507233295743e+02
-4.359681058803346332e-01 4.093392814004914726e-02
-4.691334882303088705e-01 5.730345672682801705e-02
-4.634590524259003530e-01 4.076656334137851445e-02
-4.796110168234157811e-01 4.138379509697642789e-02
-5.445518594839224846e-01 7.094238578454792332e-02
-5.461434812191505728e-01 1.120589167289267607e-01
-4.731254481534179490e-01 9.155292606800458088e-02
-4.970084442173607897e-01 6.067489144183468852e-02
-4.697175411107803455e-01 5.054320179851856665e-02
-4.845299999398147150e-01 3.522764948556300624e-02
-4.794822189239500432e-01 3.825181691749435231e-02
-4.511249285456759850e-01 4.298824769318798644e-02
-5.438759170696165768e-01 3.817552000057844452e-02
-5.099023050707565119e-01 3.695902356253100152e-02
-4.371205151241426279e-01 4.266119309104965396e-02
-5.509036545236050131e-01 3.451551748474912529e-02
-5.694720077128714308e-01 3.591479321593737950e-02
-3.547622225732359880e+01 2.355617604412598212e+02
-5.453321534276796001e-01 3.188957586706919756e-02
-5.260401553644324935e-01 2.487925006073510303e-02
-4.695499296831311398e-01 2.588247145908439961e-02
-4.950195418418719129e-01 3.399135894827054472e-02
-4.811971232016531985e-01 3.343817202457444182e-02
-5.954975825234442688e+00 2.064814788752471486e-01
-4.819859461898445829e-01 4.014383657059283905e-02
-5.036696150936812444e-01 3.327449944839599993e-02
-4.829293407293757667e-01 2.324976048919324967e-02
-4.184259923255417846e-01 2.783567056704328024e-02
-4.626272018355646054e-01 2.788625834267577375e-02
-4.883697360200311977e-01 2.405062951598324616e-02
-4.805198871995308707e-01 2.433843377269795383e-02
-4.879743136989773689e-01 2.752197569844838654e-02
-4.677580959907619018e-01 2.336410907062713704e-02
-5.103211415378137161e-01 2.284232402021757480e-02
-4.021091388289228519e-01 2.479147372221746082e-02
-4.413543539776583202e-01 2.618661074632200325e-02
-4.922062965076641206e-01 2.426854307182679804e-02
-4.910863081207264003e-01 2.041440898651103453e-02
-5.647177378422441052e-01 2.783868740286266075e-02
-4.940967407458973781e-01 3.708340801307485890e-02
-4.754838953102193955e-01 3.736748297714598266e-02
-5.294478795985710917e-01 3.885842354571877877e-02
-5.314016520737130378e-01 2.506541962924302425e-02
-4.899771055520272256e-01 1.718027101318853056e-02
-4.623060945317156722e-01 1.635006170639030643e-02
-5.609901916299904201e-01 2.848702113618628573e-02
-4.909332989643182543e-01 1.690610213321974697e-02
-4.899277839686106972e-01 1.547206147964175216e-02
-5.023083245601345226e-01 1.803412832606454685e-02
-5.954975825234442688e+00 1.643362494420443909e-01
