-5.693238053951207966e+00 1.186642751299160636e-01
-5.189331119002464021e+00 1.922793033359848636e-05
-3.089082189426533009e+00 4.227247021537650085e-06
-2.272959962440988413e+00 5.400498517028062828e-02
-3.092605181094119970e+00 1.214490521261879508e-06
-5.397937576406558691e+00 8.786724098609512978e-01
-4.992900313636283727e+00 1.302068017930718913e+00
-2.939627014440896691e+00 1.620813596044934357e-03
-2.413832006364472260e+00 3.691730621162792048e-02
-3.042223548172450442e+00 5.031822863275081659e-04
-3.172789294413584038e+00 8.811955808326432660e-02
-5.181570579826983547e+00 1.009999132550731815e-06
-3.092493131285259267e+00 1.010730335093690258e-06
-2.762563159798341772e+00 3.071321734822030081e-02
-3.091804921298725972e+00 1.214556560436008681e-06
-2.982770331131076702e+00 2.346061028355661549e-03
-5.181570587759787294e+00 1.009998831125180629e-06
-3.091530602738439271e+00 1.252616908531400952e-06
-3.092467253239420177e+00 1.009998374379428299e-06
-3.015107867794387442e+00 2.126785415522025602e-03
