-3.362677391561763596e+00 1.009999671897077178e-06
-3.362677359796524268e+00 1.009999525347637928e-06
-3.356629951953145952e+00 2.163551669331909011e-05
-2.889894782084919012e+00 1.772639777219531254e-02
-3.791834275342348182e+00 4.358786989869223305e-02
-3.662513167466936892e+00 9.012865873198605549e-03
-2.748360216360669739e+00 7.695740486493152233e-02
-2.069436654259144692e+00 4.206838646054533726e-02
-1.470973411146706766e+00 1.017833655262319059e-01
-2.169786144595359012e+00 1.617521155133083699e-01
-1.818817454214262108e+00 1.131888265418388162e-01
-2.486993987729766431e+00 5.670331896716529485e-02
-3.362677392813893551e+00 1.009999305745523657e-06
-3.198336924208113441e+00 8.378468895559487706e-03
-2.928764723664068814e+00 4.029498701973577290e-02
-1.695750950402736379e+00 1.708659037554824955e-01
-1.469982705452643534e+00 1.661359979449642532e-01
-2.077398613083225598e+00 7.466723885559822804e-02
-1.836656189278145002e+00 1.390585127262180531e-01
-1.672030822693806540e+00 8.338061304137744933e-02
