-5.236073887863653908e+00 1.569528441602852098e-06
-5.166487399648802992e+00 5.269815795377574830e-02
-3.966660448078382473e+00 1.333986857926235059e+00
-3.096049640320885032e+00 1.992191660971087686e-04
-3.106403030848412516e+00 1.009998659484701022e-06
-3.055747469565937458e+00 4.500504409329986188e-02
-3.106393637202190305e+00 3.337218238108619062e-05
-1.593860952600073100e+00 2.770634681482793127e-01
-3.370466613115699506e+00 5.427945665429989575e-01
-3.254692865526603196e+00 2.885520862781163487e-01
-1.738195609950808462e+00 4.834159833270161855e-01
-3.597122309318991462e+00 1.009999496481839287e-06
-2.584427900087542973e+00 1.066362178732329635e-01
-2.486465139557303861e+00 8.855978861923818890e-02
-2.580350097661747277e+00 7.742240633653874049e-02
-2.943596200268547403e+00 2.147609625007147471e-01
-2.786135341888073214e+00 8.146211289390392629e-02
-2.612209597836715247e+00 8.732319599648441510e-02
-2.582992769538535960e+00 7.661040179928391147e-02
-2.829387663399451469e+00 6.538586398257839605e-02
