-5.724793544710424342e+00 4.478216250772537599e-02
-5.239111704004989711e+00 1.009998834233805098e-06
-5.238861995395613036e+00 3.727839251510545182e-06
-5.098135341041308166e+00 1.010004688328791644e-06
-4.571747875155377727e+00 1.009999197609801058e-06
-3.348628795062174923e+00 7.988361134464321278e-01
-4.078530113308018734e+00 1.076882657314426339e-02
-4.566497574668431092e+00 5.597276579893950554e-06
-2.611462080238466488e+00 1.578872384077945057e-03
-3.107693262570739190e+00 4.463091392507878563e-02
-3.032926265091058227e+00 1.172988310556135616e-01
-3.329223180668279269e+00 1.009999833101460354e-06
-2.667029044598343113e+00 1.105084168766468089e-02
-3.548392495741872210e+00 4.699275915157059558e-01
-4.176736152623973908e+00 1.009999377021841838e-06
-4.671075585520910067e+00 1.009999283319018559e-06
-2.579282751774382376e+00 2.000035283290424459e-02
-2.593289582066010901e+00 7.771686170671099347e-02
-2.841029633080438543e+00 8.077377412983599569e-02
-2.684930252942004714e+00 3.561408952180866727e-02
