-6.407269113849427100e+00 2.012970740423809524e-01
-6.805714186536238053e+00 8.250143685063093812e-02
-5.058895472855134301e+00 3.216755312449093296e-02
-5.143103220881759086e+00 9.103383531585573785e-03
-5.477726436613589378e+00 5.402779364368393011e-02
-3.106543260270844264e+00 1.009999793133431467e-06
-2.780401065276508543e+00 7.648619158436709142e-02
-2.653012301485628832e+00 4.505877491266008228e-02
-3.106624586824054290e+00 1.028230000033047986e-06
-3.109137943038233320e+00 1.744547387534178817e-02
-2.976718263921900309e+00 4.946578230551490485e-02
-3.071694779471767944e+00 3.317886223472843454e-02
-3.819402433639861982e+00 1.308658429794231415e+00
-3.101077819204139274e+00 3.493910156566304437e-03
-1.765891195358964882e+00 1.649605587347775515e-01
-3.118291376608025356e+00 5.130851090373589329e-04
-3.110389629531656652e+00 7.343066426890310083e-05
-1.864547108548264776e+00 9.717952706045629441e-02
-2.416611490809729368e+00 1.207746440647141650e-01
-1.839553473074380108e+00 1.564339779354035898e-01
