-4.357975750102753842e+00 3.646514144132702029e-01
-4.596035989581415571e+00 3.166146723484151160e-01
-3.806217695032962034e+00 1.073208529600577776e-06
-3.806239507547090728e+00 1.010028503056759064e-06
-4.619228205812587085e+00 4.215349668729051480e-01
-4.564350883385950297e+00 3.603727008699406653e-01
-4.147799465820328102e+00 4.133853816278021398e-01
-4.081194356462615858e+00 4.028040479393650841e-01
-3.808466779294573001e+00 1.632684557654862090e-03
-3.796613772583394830e+00 1.009998751300145159e-06
-1.440304554223515110e+00 7.142722123900924203e-02
-2.968640761046808407e+00 9.737810842502936381e-02
-2.383303932864275332e+00 2.889051489901974801e-01
-2.453562375971408471e+00 4.075038524615022251e-01
-2.235283416305997140e+00 3.870386736523312443e-01
-2.498268197152597736e+00 2.308495236555696550e-01
-3.561283063541409444e+00 1.059523313751142837e-06
-3.634895282913951586e+00 1.243086518891098891e-01
-3.084630246362251693e+00 1.011099525413203803e-01
-3.194480512869010358e+00 1.054778913578413579e-05
