-3.519980500590436101e+00 1.009998773504605651e-06
-3.519980496855531271e+00 1.009999555101614988e-06
-3.519980919324113167e+00 1.010002206758287002e-06
-3.520143988454096373e+00 3.393108590650228962e-04
-2.627307896829293110e+00 6.027254068698484346e-02
-2.616167918394108671e+00 6.288177295618302409e-02
-2.308666310332307958e+00 2.578310138279249486e-06
-3.537986821255491243e+00 1.107447937439343333e+00
-2.435563573961690764e+00 1.968304834152379001e-02
-2.309154472053841278e+00 1.009999099910174891e-06
-2.767260195309125592e+00 4.492551950609646738e-02
-3.384404284491847825e+00 4.965542500860742336e-02
-2.310264296951498597e+00 4.777931879118568759e-05
-2.329073915219959989e+00 2.334883668282605740e-03
-2.301702103676526612e+00 1.503690701232462956e-03
-2.503366032752755377e+00 1.445079469305987629e-02
-2.358422894179947882e+00 2.273862487186062431e-02
-2.308833101759827144e+00 5.353596271497895742e-04
-2.327967608763113372e+00 7.722153044739554772e-03
-2.478024714900657788e+00 2.128210442112354883e-02
