-5.239110793771085461e+00 1.010003252144286989e-06
-3.882735910618462238e+00 1.015875357628370779e-04
-3.903475969165297599e+00 4.095372934405987486e-01
-3.870596959582768726e+00 1.137169997671882982e-03
-2.839576538034389142e+00 1.273988777834498265e-01
-3.894404167809441208e+00 3.094355094002132489e-05
-3.180214789792416674e+00 6.422330996973979467e-02
-2.856213525209940318e+00 6.770990419034839114e-02
-3.301213231246181490e+00 6.845832700882947819e-02
-1.404636447289115520e+00 8.869113126095351518e-02
-2.524408176484865152e+00 1.062779909641342613e-01
-1.566783146598850429e+00 6.190576343673526161e-02
-9.037949100381559298e-01 4.080821818583046934e-03
-3.607954206701463828e+00 3.283798576594465501e-02
-3.494556634492430369e+00 9.569005195830149191e-03
-3.343689344338856895e+00 1.732337235936541875e-01
-3.399383034648727708e+00 3.503882086131389073e-01
-3.559008754057090940e+00 6.018571761540747467e-02
-3.433898722729442632e+00 1.602840388094448620e-01
-3.573535696408247198e+00 1.088185957900043022e-01
