-5.173461413833935651e+00 2.475101504645416117e-03
-5.239111706570152016e+00 1.009998992440586107e-06
-4.404569775293370348e+00 9.123582072954672384e-02
-5.093377281134748635e+00 6.072599583894167097e-03
-5.060978081554349473e+00 7.192999547713352371e-03
-5.789115644531082516e+00 1.089491933337072282e-06
-4.568459767991388532e+00 9.002937653324105671e-02
-5.237758284395640729e+00 2.542868644317408666e-06
-4.009528321342507695e+00 1.009999366141656196e-06
-3.385088139363128690e+00 1.671971501646598579e-01
-5.239111705906104532e+00 1.009999405665595873e-06
-3.721003331724942687e+00 6.819627808619999065e-02
-1.808212463332647513e+00 3.990431556645976929e-01
-1.775255006615534592e+00 1.644208423802488994e-01
-3.749837355061807820e+00 8.509005167979699635e-02
-3.853404221218050374e+00 1.132193409247861382e-06
-4.009528335183232706e+00 1.009999446965892389e-06
-3.244447042794236236e+00 2.342112258309712036e-01
-3.517806845640296221e+00 7.637741307390011336e-02
-3.576734913298285967e+00 1.074461034733571463e-01
