-6.300184332171844481e+00 2.257911586017045114e-01
-4.268686068407382628e+00 1.582595741207524220e-01
-7.043677617108003552e+00 5.223170637987841758e-01
-6.105342156564573131e+00 2.357924002919113970e-01
-5.696809191108370030e+00 2.425864005084132913e-01
-3.145096246645649796e+00 3.659819848264918463e+00
-9.973446835483605888e-01 1.549219842520077606e-02
-2.821704828888029759e+00 1.829004865874733543e+00
-9.275103537936359999e-01 2.037845337486920982e-02
-1.911194016622436154e+00 5.008350127162009002e-02
-6.510848372109188098e-01 4.292288410460187720e-02
-9.153129086388989144e-01 1.837256069313886186e-02
-2.104969017478486304e+00 1.730865169023396710e-01
-2.095473245254154904e+00 3.179242049015353899e-01
-1.685148085838654497e+00 2.257168429975542345e-01
-1.192184003921724855e+00 1.882714727148382394e-01
-1.848437463446361173e+00 1.846864197481292713e-01
-1.608058618718106958e+00 2.565837917331212914e-01
-6.855273307235414393e-01 4.492392060880123772e-02
-2.584874996990482732e+00 4.335937013028172693e-01
